-3.720674514770508
-3.5475082397460938
-2.7427639961242676
-2.257603406906128
-2.2730355262756348
-1.8418188095092773
-1.7475345134735107
-1.8311673402786255
-1.7616982460021973
-1.6357355117797852
-1.6344233751296997
-1.4392284154891968
-1.3947339057922363
-1.2670228481292725
-1.149972915649414
-1.1274614334106445
-1.0735154151916504
-0.9535447359085083
-0.8087366223335266
-0.7036282420158386
-0.7668150067329407
-0.742950439453125
-0.6707584857940674
-0.6462351679801941
-0.5933645963668823
-0.4233516454696655
-0.43996837735176086
-0.2239082306623459
-0.20873701572418213
-0.06522764265537262
-0.07291866838932037
0.20225755870342255
0.11282484978437424
0.19559569656848907
0.2808338403701782
0.278498113155365
0.3445091247558594
0.2816103994846344
0.3500925600528717
0.15803059935569763
0.3363596498966217
0.334846556186676
0.26781049370765686
0.4140647351741791
0.5221575498580933
0.505847692489624
0.45120108127593994
0.5381043553352356
0.6620104908943176
0.6203770041465759
0.7633453607559204
0.8451219797134399
0.7593579888343811
0.9696334004402161
1.0891611576080322
0.958523690700531
1.0109113454818726
1.141432762145996
1.1542423963546753
1.2466940879821777
1.4554651975631714
1.5663526058197021
1.5747218132019043
1.803406000137329
1.6782801151275635
1.8324763774871826
1.8325046300888062
1.8967088460922241
1.433804988861084
2.3167214393615723
2.8729538917541504
2.707190752029419
-4.117761611938477
-3.5458824634552
-2.659193992614746
-2.682379961013794
-2.78885817527771
-2.518749475479126
-2.4071667194366455
-2.366579532623291
-2.1602702140808105
-2.1538150310516357
-1.7107874155044556
-1.589761734008789
-1.424686312675476
-1.3850339651107788
-1.3904385566711426
-1.5004255771636963
-1.5033156871795654
-1.1637823581695557
-1.1754094362258911
-1.1296595335006714
-1.004180908203125
-1.071778416633606
-1.1117926836013794
-0.9522465467453003
-0.9465781450271606
-0.9002341628074646
-0.906395435333252
-0.8594661951065063
-0.9072893261909485
-0.8112711906433105
-0.8066468834877014
-0.8782857656478882
-0.7598568797111511
-0.8310245871543884
-0.7167522311210632
-0.6038673520088196
-0.6694022417068481
-0.6160910725593567
-0.47424694895744324
-0.5281684398651123
-0.5037878155708313
-0.5920553803443909
-0.523601770401001
-0.4914415180683136
-0.4274562895298004
-0.5387998223304749
-0.4141952693462372
-0.4114653170108795
-0.3074251711368561
-0.33961308002471924
-0.35032668709754944
-0.3650064170360565
-0.32130202651023865
-0.27164512872695923
-0.26081520318984985
-0.20134852826595306
-0.06436284631490707
-0.3639499843120575
-0.21066461503505707
0.01999562978744507
-0.14868499338626862
-0.07156705111265182
-0.08951330929994583
-0.10172571241855621
0.005366976372897625
0.02274109236896038
-0.0015924095641821623
0.04001972824335098
0.09462466090917587
0.1749030202627182
0.35801443457603455
0.1482824981212616
0.16069695353507996
0.19209982454776764
0.20314708352088928
0.3300555348396301
0.27503371238708496
0.3435600697994232
0.44947054982185364
0.36387431621551514
0.3304833471775055
0.5751968622207642
0.5788204073905945
0.6936389207839966
0.5183397531509399
0.6039305329322815
0.5817460417747498
0.6725233197212219
0.6750078201293945
0.6260701417922974
0.661373496055603
0.7008602619171143
0.7785677313804626
0.7395921945571899
0.8030527830123901
0.7864997386932373
0.7909532785415649
0.8086259365081787
1.2014774084091187
1.078238606452942
1.1650058031082153
1.1463896036148071
1.2171045541763306
1.2601982355117798
1.2297461032867432
1.2501674890518188
1.272750973701477
1.3248132467269897
1.4050079584121704
1.4199069738388062
1.7143597602844238
1.6632269620895386
1.7669891119003296
1.5647895336151123
1.703096866607666
1.9315589666366577
2.129411220550537
2.3044018745422363
2.324035167694092
2.442586660385132
3.2823641300201416
3.564145565032959
4.140722751617432
4.492215156555176
-3.8030929565429688
-3.408851146697998
-2.4183127880096436
-1.9213001728057861
-1.930625319480896
-1.8454424142837524
-1.8013051748275757
-1.56234872341156
-1.549533486366272
-1.435175895690918
-1.4064419269561768
-1.2086877822875977
-1.071803331375122
-1.0290497541427612
-1.1756243705749512
-0.9862523674964905
-0.9789162874221802
-0.9448072910308838
-0.8560142517089844
-0.8393955230712891
-0.812569260597229
-0.8130201697349548
-0.7328713536262512
-0.6013069748878479
-0.7401638031005859
-0.6018498539924622
-0.4255259335041046
-0.34217962622642517
-0.3613137900829315
-0.29164811968803406
-0.26061856746673584
-0.17421893775463104
-0.1536005586385727
-0.19389568269252777
-0.1423688679933548
-0.10882705450057983
-0.11923310160636902
-0.08717334270477295
-0.06994393467903137
0.08484283089637756
0.02809157967567444
0.05919412150979042
0.026620009914040565
0.07709876447916031
0.17704997956752777
0.2320527881383896
0.2268025130033493
0.3654836118221283
0.3701159656047821
0.4382377564907074
0.5210958123207092
0.5713423490524292
0.6489450335502625
0.6170403957366943
0.6033638119697571
0.6313109993934631
0.7899800539016724
0.9125635623931885
1.1065813302993774
1.0818078517913818
1.3996104001998901
1.1404132843017578
1.170999526977539
1.3100796937942505
1.4529187679290771
1.4834450483322144
1.7766268253326416
1.9592902660369873
2.270841360092163
2.170708179473877
2.753375291824341
2.784229278564453
3.6899685859680176
4.273181915283203
-7.1276535987854
-4.358999252319336
-3.6386542320251465
-2.7106642723083496
-2.5664706230163574
-2.2501420974731445
-2.1636812686920166
-2.1560890674591064
-1.7518209218978882
-1.6611764430999756
-1.3107017278671265
-1.2772934436798096
-1.119195818901062
-1.0465619564056396
-0.8648417592048645
-0.8477314710617065
-0.8095773458480835
-0.7548934817314148
-0.7233309149742126
-0.5877959132194519
-0.4825569987297058
-0.42782092094421387
-0.40995731949806213
-0.35331085324287415
-0.38059329986572266
-0.3365233838558197
-0.33836811780929565
-0.3329601585865021
-0.2522087097167969
-0.13722677528858185
-0.3026830554008484
-0.17384915053844452
-0.13178861141204834
-0.10724020004272461
-0.043112460523843765
-0.10286571085453033
-0.08553971350193024
-0.07287368178367615
-0.023314842954277992
-0.038705773651599884
0.05178629606962204
-0.01839282363653183
0.06718574464321136
0.08380996435880661
0.1168072372674942
0.1460620015859604
0.1847691386938095
0.2289390116930008
0.2608982026576996
0.3721587359905243
0.33427727222442627
0.3868884742259979
0.4479731321334839
0.43823546171188354
0.49154022336006165
0.5400460958480835
0.5419483780860901
0.5406522750854492
0.7278954386711121
0.7692431211471558
0.8120378255844116
0.9127998948097229
0.907733678817749
0.8633033633232117
0.961877167224884
1.0160436630249023
0.9693614840507507
0.9849081039428711
0.9977817535400391
1.0349705219268799
1.043732762336731
1.0489038228988647
1.2025426626205444
1.2324286699295044
1.155442237854004
1.3067834377288818
1.31082284450531
1.3554002046585083
1.3453271389007568
1.386725664138794
1.3814420700073242
1.4218491315841675
1.5513031482696533
1.7140140533447266
1.6940311193466187
1.7625634670257568
1.759671688079834
1.8433680534362793
2.5708823204040527
-3.7106974124908447
-3.5585458278656006
-3.2258708477020264
-3.163403034210205
-2.5809881687164307
-2.4687256813049316
-2.089547872543335
-1.959897756576538
-1.793513298034668
-1.5927722454071045
-1.4773598909378052
-1.4622321128845215
-1.3931424617767334
-1.3321653604507446
-1.3380430936813354
-1.2652838230133057
-1.1511194705963135
-1.2342971563339233
-1.1846940517425537
-1.1802937984466553
-1.0318938493728638
-0.9666446447372437
-0.8909305334091187
-0.6739330291748047
-0.7010348439216614
-0.695485532283783
-0.6463951468467712
-0.7757848501205444
-0.6308087110519409
-0.5284536480903625
-0.608570396900177
-0.6038396954536438
-0.5097032189369202
-0.36788490414619446
-0.3648888170719147
-0.3554912209510803
-0.3717237412929535
-0.2969985008239746
-0.19412662088871002
-0.06990853697061539
-0.03924421966075897
0.09556928277015686
0.15929749608039856
0.1487724483013153
0.15210269391536713
0.19068458676338196
0.3077724575996399
0.36715802550315857
0.27065765857696533
0.3677866756916046
0.4005877375602722
0.36445656418800354
0.4379509389400482
0.376710444688797
0.4679321348667145
0.5035223960876465
0.39801424741744995
0.5983753204345703
0.5478082895278931
0.5369670987129211
0.5816752910614014
0.6249018907546997
0.6298366785049438
0.6754376888275146
0.699265718460083
0.854369580745697
0.7592660188674927
0.9011542201042175
0.8428369760513306
1.0166478157043457
1.0483793020248413
1.1618369817733765
1.2165725231170654
1.2393780946731567
1.3128468990325928
1.2056752443313599
1.2474251985549927
1.297897219657898
1.2979875802993774
1.281019687652588
1.403773307800293
1.6417452096939087
1.6507798433303833
1.7167643308639526
1.732308030128479
1.7945032119750977
2.398042678833008
2.394915819168091
2.9945743083953857
2.7407517433166504
3.431642532348633
-3.256930112838745
-2.796969413757324
-2.822622776031494
-1.8075850009918213
-1.550618052482605
-1.3245010375976562
-1.2878987789154053
-1.225797176361084
-1.1663016080856323
-1.0763300657272339
-1.0720714330673218
-0.9871963262557983
-0.9508084058761597
-0.8626291751861572
-0.9660012125968933
-0.759697437286377
-0.5433171391487122
-0.4361116290092468
-0.45418640971183777
-0.39772987365722656
-0.2926107943058014
-0.14224010705947876
-0.15075719356536865
0.021159525960683823
0.016673777252435684
0.009052697569131851
-0.011377626098692417
0.07022744417190552
0.11119822412729263
0.2004256546497345
0.24322590231895447
0.23058681190013885
0.27633923292160034
0.3340913653373718
0.4858226776123047
0.5877604484558105
0.8113166689872742
0.8635473847389221
0.8955815434455872
1.1158777475357056
1.1376503705978394
1.2800498008728027
1.7549220323562622
1.8678172826766968
1.8742656707763672
2.10593318939209
2.216238260269165
2.341500997543335
2.484320878982544
3.0067036151885986
-5.673304080963135
-3.8943631649017334
-2.624396800994873
-2.671278238296509
-2.612551212310791
-2.279423952102661
-2.2731521129608154
-2.271998405456543
-2.246227979660034
-1.8770146369934082
-1.741637945175171
-1.7402845621109009
-1.6830146312713623
-1.6636911630630493
-1.5847200155258179
-1.5577152967453003
-1.4025734663009644
-1.3996318578720093
-1.3627548217773438
-1.3231112957000732
-1.2488322257995605
-1.3333604335784912
-1.1568713188171387
-1.0800471305847168
-1.0345946550369263
-1.0177501440048218
-0.9529016613960266
-1.149621605873108
-0.902782142162323
-0.8181259632110596
-0.7904587388038635
-0.631852388381958
-0.6151630878448486
-0.6376932263374329
-0.5963085293769836
-0.5125414729118347
-0.5173888206481934
-0.4673821032047272
-0.39777594804763794
-0.3883621394634247
-0.35804975032806396
-0.3175494968891144
-0.3667530417442322
-0.3406252861022949
-0.2785671353340149
-0.3528868556022644
-0.06450415402650833
-0.298417866230011
-0.5528696775436401
-0.3019293248653412
-0.25110501050949097
-0.22021245956420898
-0.20031484961509705
-0.114777572453022
-0.12454888969659805
-0.1536603420972824
-0.11865194886922836
-0.14968198537826538
-0.14876216650009155
-0.08657568693161011
-0.09351523220539093
0.07936583459377289
-0.13198155164718628
0.019209984689950943
0.004458478651940823
0.09150931239128113
0.013558926060795784
0.03740871325135231
0.061280734837055206
0.0714258998632431
0.008896522223949432
0.11007291823625565
0.18912610411643982
0.23671987652778625
0.3180895149707794
0.2788770794868469
0.2947061359882355
0.3458583652973175
0.35713231563568115
0.5151726007461548
0.4266722500324249
0.5149662494659424
0.5261844992637634
0.5753931999206543
0.5980332493782043
0.5344371795654297
0.6519429683685303
0.6463309526443481
0.7305833697319031
0.7226599454879761
0.776400089263916
0.826045036315918
0.8135101199150085
0.9754146337509155
0.9987606406211853
1.0114455223083496
1.0895267724990845
0.9759419560432434
1.129968285560608
1.0659961700439453
1.160952091217041
1.0489733219146729
1.1739856004714966
1.168157696723938
1.2921801805496216
1.353656530380249
0.9196366667747498
1.4617191553115845
1.3004485368728638
1.3635777235031128
1.4786438941955566
1.5329487323760986
1.622938632965088
1.7753801345825195
1.712497591972351
1.6365686655044556
1.8193254470825195
2.2694594860076904
2.2087268829345703
2.4769480228424072
2.940342903137207
2.795935869216919
3.008669376373291
3.4389302730560303
3.5749142169952393
-4.28995418548584
-3.779731035232544
-3.7341017723083496
-2.7716715335845947
-2.713055372238159
-2.5835137367248535
-2.430577039718628
-2.3546481132507324
-2.2321321964263916
-2.1610519886016846
-2.160019636154175
-2.1804473400115967
-2.02547550201416
-1.9134223461151123
-1.8838635683059692
-1.7818890810012817
-1.8124276399612427
-1.6145696640014648
-1.3834912776947021
-1.4304112195968628
-1.4008997678756714
-1.2225027084350586
-1.0053784847259521
-0.9250593781471252
-0.9627829194068909
-0.9278648495674133
-0.8644972443580627
-0.7587531805038452
-0.7569942474365234
-0.6516634821891785
-0.6067065596580505
-0.4823087751865387
-0.4771200716495514
-0.4161857068538666
-0.4202018678188324
-0.3255995512008667
-0.30012962222099304
-0.2755662202835083
-0.25491270422935486
-0.22919508814811707
-0.18248052895069122
-0.2114906758069992
-0.11810798943042755
-0.11745889484882355
0.2239658534526825
-0.010176677256822586
0.03529632091522217
0.07498259097337723
0.10298604518175125
0.12842358648777008
0.18068240582942963
0.17295566201210022
0.26641541719436646
0.4380444884300232
0.367011159658432
0.3373337388038635
0.3956524729728699
0.40602922439575195
0.45576211810112
0.4233437478542328
0.4116285741329193
0.42256733775138855
0.43665018677711487
0.4555889964103699
0.40180230140686035
0.48047736287117004
0.3781859278678894
0.4107438921928406
0.5571396350860596
0.5171515345573425
0.5132334232330322
0.5606293678283691
0.6287065148353577
0.6998403668403625
0.7313819527626038
0.6903706192970276
0.7745559811592102
0.7869791388511658
0.7698823809623718
0.7369168400764465
0.8779372572898865
0.8822618126869202
0.8569386005401611
0.93122398853302
0.981242835521698
0.9555892944335938
0.975924015045166
1.1033964157104492
1.0180089473724365
1.0936977863311768
1.1984823942184448
1.1623477935791016
1.212774395942688
1.30901300907135
1.3213988542556763
1.284693717956543
1.3774234056472778
1.4980368614196777
1.5506538152694702
1.5886468887329102
1.8820595741271973
1.9190646409988403
1.9990057945251465
2.0780088901519775
1.9710874557495117
2.246185064315796
2.4572465419769287
2.637361764907837
2.590094804763794
2.8073675632476807
-3.7327446937561035
-3.9738941192626953
-3.404618263244629
-2.8525335788726807
-2.751953125
-2.034566640853882
-2.100348472595215
-2.0680935382843018
-2.0427777767181396
-1.7579371929168701
-1.8690627813339233
-1.7844617366790771
-1.7630269527435303
-1.5949139595031738
-1.5562312602996826
-1.4730113744735718
-1.479732871055603
-1.7732220888137817
-1.3702722787857056
-1.2530441284179688
-1.176709771156311
-0.9901474118232727
-1.064152479171753
-0.9778934121131897
-0.918891429901123
-1.0075781345367432
-0.9214020371437073
-0.9245995879173279
-0.9159591197967529
-0.8092876076698303
-0.7624732255935669
-0.8125513195991516
-0.8539957404136658
-0.6200973987579346
-0.7327573299407959
-0.7196004986763
-0.7536092400550842
-0.761073887348175
-0.6990081667900085
-0.6448314785957336
-0.5806956887245178
-0.6119942665100098
-0.6651654243469238
-0.5870990753173828
-0.7019475102424622
-0.5207495093345642
-0.3708941340446472
-0.43498703837394714
-0.41043588519096375
-0.7398350834846497
-0.3364558517932892
-0.37680456042289734
-0.4115082323551178
-0.3249743580818176
-0.31405970454216003
-0.26887932419776917
-0.2683113217353821
-0.23774875700473785
-0.15271538496017456
-0.15127496421337128
-0.09543873369693756
-0.14331373572349548
0.0090286610648036
0.04378554970026016
0.06351004540920258
0.04422543942928314
0.09931422024965286
0.09485846012830734
0.0883212462067604
0.10438276827335358
0.12734904885292053
0.6750669479370117
0.26619449257850647
0.24205388128757477
0.3986686170101166
0.42399778962135315
0.35844185948371887
0.5502365827560425
0.6639223694801331
0.5009700059890747
0.6264747977256775
0.5647742748260498
0.6819646954536438
0.5584976673126221
0.6188152432441711
0.3453596532344818
0.8433393239974976
0.6670522689819336
0.6864628195762634
0.6767529249191284
0.6496083736419678
0.6854826807975769
0.7775826454162598
0.7472280859947205
0.8540976047515869
0.8119465112686157
0.7850511074066162
0.8768723607063293
1.1596506834030151
0.9345117807388306
0.886317253112793
1.0922753810882568
1.29230797290802
0.8733287453651428
1.3219897747039795
1.3737653493881226
1.4906022548675537
1.47520911693573
1.4716906547546387
1.687973976135254
2.175297737121582
1.7624820470809937
1.7403730154037476
1.9365477561950684
2.017214775085449
2.0155699253082275
2.224513292312622
2.314091920852661
2.438457727432251
2.5490643978118896
2.5895297527313232
2.637404203414917
2.573665142059326
3.0215659141540527
4.141262531280518
-4.003375053405762
-3.8662006855010986
-2.7781598567962646
-2.8066065311431885
-2.65213942527771
-2.305152177810669
-2.250868320465088
-2.235511302947998
-2.231785297393799
-1.9100573062896729
-2.197211265563965
-1.9954451322555542
-1.706048607826233
-1.665286898612976
-1.6025372743606567
-1.5334248542785645
-1.5777554512023926
-1.5854551792144775
-1.3632245063781738
-1.3295754194259644
-1.383747935295105
-1.1722708940505981
-1.1918902397155762
-1.2104041576385498
-1.0717718601226807
-1.1220078468322754
-0.9371931552886963
-0.931973397731781
-0.9662530422210693
-0.9119285345077515
-1.0541304349899292
-0.777784526348114
-0.7914979457855225
-0.6871034502983093
-0.733523428440094
-0.6406873464584351
-0.6723620891571045
-0.6715107560157776
-0.6978958249092102
-0.6169069409370422
-0.6184696555137634
-0.4779655933380127
-0.48458486795425415
-0.5538517832756042
-0.5647081732749939
-0.5174624919891357
-0.416944682598114
-0.20181985199451447
-0.3042493760585785
-0.36632052063941956
-0.38328713178634644
-0.3025529384613037
-0.3168978989124298
-0.26877179741859436
-0.28064584732055664
-0.24680961668491364
-0.172048881649971
-0.221493661403656
-0.2535836398601532
-0.057424675673246384
-0.0822824165225029
-0.1669142246246338
0.19299234449863434
-0.07253044098615646
0.022065328434109688
0.005449367221444845
-0.00800931453704834
0.18193410336971283
0.1314464658498764
0.17417071759700775
0.20993320643901825
0.170774906873703
0.28190597891807556
0.29560428857803345
0.32152360677719116
0.21569448709487915
0.349425733089447
0.38664376735687256
0.4928499758243561
0.5732308626174927
0.480511337518692
0.44807884097099304
0.551845371723175
0.5949764847755432
0.5953860878944397
0.5857999324798584
0.8246065974235535
0.6241722106933594
0.6643733382225037
0.797408401966095
0.787752091884613
0.9064247012138367
0.9190925359725952
0.9488410949707031
1.043235421180725
0.9009889364242554
1.0854970216751099
1.1574491262435913
1.0570764541625977
1.1005882024765015
1.2060203552246094
1.2252384424209595
1.1773439645767212
1.30500066280365
1.3208402395248413
1.2257009744644165
1.397980809211731
1.330997347831726
1.437571406364441
1.5568233728408813
1.5890836715698242
1.5807863473892212
1.80535888671875
1.8526403903961182
2.139092206954956
2.103320598602295
2.415369987487793
2.3964333534240723
2.5040793418884277
2.5065865516662598
2.472285509109497
2.9987523555755615
3.0296382904052734
3.320929765701294
3.200669765472412
-4.971275806427002
-3.812472343444824
-3.7292122840881348
-3.544407844543457
-3.5940213203430176
-3.4122822284698486
-3.1882565021514893
-3.1429717540740967
-2.6367347240448
-2.595041275024414
-1.559370756149292
-1.7785359621047974
-1.8415583372116089
-1.6137994527816772
-1.377020239830017
-1.3942524194717407
-1.250241994857788
-1.2274043560028076
-1.2014516592025757
-1.0849781036376953
-0.9870899319648743
-0.9559528231620789
-0.9260171055793762
-0.9443208575248718
-0.8667427897453308
-0.895751416683197
-0.8048843145370483
-0.7573418617248535
-0.7868096828460693
-0.7030261754989624
-0.7429624795913696
-0.60927414894104
-0.4295468330383301
-0.7311285734176636
-0.589185357093811
-0.5242385268211365
-0.4779103398323059
-0.4196372628211975
-0.3857579827308655
-0.3117091655731201
-0.3689859211444855
-0.29614946246147156
-0.27627626061439514
-0.2920377850532532
-0.18629607558250427
-0.17149828374385834
-0.253539115190506
-0.2164691835641861
-0.22794020175933838
-0.2634662091732025
-0.2262313812971115
-0.17762459814548492
-0.14503714442253113
-0.1391531527042389
-0.1562298685312271
-0.11373501271009445
-0.10818905383348465
-0.0705859512090683
-0.12154245376586914
0.029111487790942192
0.04784679785370827
0.07679318636655807
0.08698585629463196
0.24647992849349976
0.2068985253572464
0.2506978511810303
0.4035568833351135
0.27552828192710876
0.47858595848083496
0.33315274119377136
0.23930297791957855
0.331356018781662
0.4621584117412567
0.393372118473053
0.4108413755893707
0.4701843559741974
0.5230153799057007
0.4824639856815338
0.5855333209037781
0.5992345809936523
0.658016562461853
0.5678967833518982
0.6771885752677917
0.4610133469104767
0.7368871569633484
0.7430044412612915
0.90372234582901
0.7612751126289368
0.8031426072120667
0.8357470631599426
0.7408908605575562
0.8564875721931458
0.8729276061058044
0.922561526298523
0.9350383281707764
1.0627089738845825
1.0380280017852783
1.0834420919418335
1.049707055091858
1.1458749771118164
1.1808645725250244
1.40224027633667
1.2849065065383911
1.2833410501480103
1.3441380262374878
1.2223161458969116
1.3000532388687134
1.3264483213424683
1.4786654710769653
1.3894155025482178
1.566831350326538
1.5040041208267212
1.6641236543655396
1.6485257148742676
1.7002031803131104
1.5346587896347046
1.7603943347930908
1.8401919603347778
2.0174672603607178
2.132049560546875
2.255702257156372
2.1086432933807373
2.565434455871582
2.08992862701416
3.226355791091919
-5.687482833862305
-4.405114650726318
-3.722445487976074
-3.093193769454956
-2.6037936210632324
-1.9489349126815796
-1.8340710401535034
-1.831668496131897
-1.6811798810958862
-1.567292332649231
-1.4803216457366943
-1.3887864351272583
-1.2186591625213623
-1.0284302234649658
-0.969121515750885
-0.9580222964286804
-0.9068570733070374
-0.8932455778121948
-0.7188828587532043
-0.8655701875686646
-0.87834632396698
-0.8011895418167114
-0.8349236845970154
-0.7546640038490295
-0.7111933827400208
-0.7183221578598022
-0.7581077814102173
-0.6429032683372498
-0.6382876038551331
-0.5443174839019775
-0.5265193581581116
-0.46036210656166077
-0.3245704770088196
-0.31243646144866943
-0.3245900571346283
-0.22908172011375427
-0.26864364743232727
-0.15074190497398376
-0.16215330362319946
-0.123841792345047
-0.027929961681365967
-0.07423778623342514
0.050728246569633484
0.1375184953212738
0.11385154724121094
0.11776029318571091
0.19304722547531128
0.23674757778644562
0.22244741022586823
0.24694406986236572
0.25416281819343567
0.3450489938259125
0.33448466658592224
0.3981696367263794
0.378542959690094
0.370719313621521
0.45759737491607666
0.46639418601989746
0.5287563800811768
0.5428895950317383
0.539981484413147
0.5341841578483582
0.6412672400474548
0.6077215075492859
0.6186949014663696
0.7187241911888123
0.7190343737602234
0.7104368209838867
0.7585695385932922
0.7882046699523926
0.9118602275848389
0.8190771341323853
0.9147490859031677
1.008473515510559
1.004306435585022
1.1053630113601685
1.14534592628479
1.1763311624526978
1.1220426559448242
1.326513648033142
1.2282700538635254
1.4320873022079468
1.4776948690414429
1.422106146812439
1.4855455160140991
1.5216127634048462
1.707720160484314
1.884817123413086
1.9034942388534546
2.0865063667297363
2.1268093585968018
2.457796573638916
2.6351072788238525
3.1341779232025146
-4.776025772094727
-3.9604408740997314
-3.822025775909424
-3.228356122970581
-2.2756471633911133
-2.1197354793548584
-2.127145528793335
-2.06351900100708
-1.8296058177947998
-1.7099018096923828
-1.601651906967163
-1.3546942472457886
-1.2803934812545776
-1.271693468093872
-1.1754755973815918
-1.1503392457962036
-1.0628494024276733
-1.058605432510376
-1.0712302923202515
-1.0529077053070068
-1.0506963729858398
-0.90519118309021
-0.8421568870544434
-0.9377634525299072
-0.9138574004173279
-0.8342864513397217
-0.7827597260475159
-0.8116891980171204
-0.8312045335769653
-0.6674022674560547
-0.6604139804840088
-0.7009997367858887
-0.690109372138977
-0.6396441459655762
-0.49118760228157043
-0.3763566017150879
-0.34389033913612366
-0.3088066875934601
-0.4131416380405426
-0.30988410115242004
-0.26682499051094055
-0.1656605750322342
-0.06655246764421463
0.018736349418759346
-0.0051943534053862095
0.14795920252799988
0.1622834950685501
0.009177013300359249
0.18533635139465332
0.09801387041807175
0.19530634582042694
0.21509814262390137
0.21695928275585175
0.34847456216812134
0.33466723561286926
0.3482634127140045
0.37742629647254944
0.42460331320762634
0.3778499364852905
0.4413866698741913
0.38232606649398804
0.4295971691608429
0.42476150393486023
0.42312031984329224
0.47864437103271484
0.5012591481208801
0.4238116145133972
0.3534126281738281
0.5008341073989868
0.45349064469337463
0.5358244180679321
0.5111038684844971
0.6677051186561584
0.6903766989707947
0.6759656667709351
0.5853084325790405
0.6890501379966736
0.7855339646339417
0.7457489371299744
0.7810543179512024
0.8532885313034058
0.9330956339836121
0.9455531239509583
1.0372157096862793
1.0898643732070923
1.1167573928833008
0.9714493751525879
1.1955890655517578
1.1015207767486572
1.4359527826309204
1.4678164720535278
1.5440534353256226
1.3784822225570679
1.7400165796279907
1.6707184314727783
1.6675965785980225
1.8895573616027832
1.9296164512634277
2.4824955463409424
2.739072322845459
3.2343852519989014
3.112650156021118
3.5306999683380127
-4.867170333862305
-3.5710952281951904
-3.2841615676879883
-3.1987664699554443
-2.8039543628692627
-2.419065475463867
-2.3360252380371094
-1.9016443490982056
-1.6313740015029907
-1.5651391744613647
-1.4966706037521362
-1.4258108139038086
-1.376329779624939
-1.3174906969070435
-1.2263686656951904
-1.233320713043213
-1.1526778936386108
-1.140081763267517
-1.1643348932266235
-1.0006413459777832
-0.9270845651626587
-0.8834463953971863
-0.8216993808746338
-0.8143593668937683
-0.7261165976524353
-0.6817347407341003
-0.6596531867980957
-0.647011399269104
-0.6268249750137329
-0.45469486713409424
-0.4016783535480499
-0.39953088760375977
-0.3258515000343323
-0.24421700835227966
-0.32151898741722107
-0.1857561320066452
-0.2003725916147232
-0.17884564399719238
-0.07661246508359909
0.007726870011538267
0.0251503624022007
0.05636586248874664
0.03693169355392456
0.06694523990154266
0.13244888186454773
0.10616090148687363
0.13250695168972015
0.15599259734153748
0.16352617740631104
0.1718738079071045
0.18635205924510956
0.2807764410972595
0.30259016156196594
0.42007967829704285
0.47318077087402344
0.5143837928771973
0.5356811881065369
0.5546603798866272
0.6537532806396484
0.7304291725158691
0.7663003206253052
0.7698585391044617
0.8637416958808899
0.8359644412994385
0.871562123298645
0.8582135438919067
0.8300474882125854
0.9531736969947815
0.9890149831771851
0.9757454991340637
1.082835078239441
1.1128758192062378
1.1109192371368408
1.1963320970535278
1.241141676902771
1.249751329421997
1.4661332368850708
1.4961527585983276
1.5247668027877808
1.5937776565551758
1.3862030506134033
1.5864078998565674
1.8304784297943115
1.9244173765182495
1.965165615081787
2.1715872287750244
2.7956199645996094
2.707226514816284
2.7584853172302246
3.067716598510742
-3.240393877029419
-3.4222147464752197
-2.7719857692718506
-2.576307773590088
-2.252737045288086
-2.4025704860687256
-2.14866042137146
-2.0159871578216553
-2.0017080307006836
-1.822632074356079
-1.741563320159912
-1.6323318481445312
-1.5417535305023193
-1.3374567031860352
-1.2452319860458374
-1.0975157022476196
-1.1686996221542358
-1.098702073097229
-1.1629644632339478
-1.0289031267166138
-1.0042238235473633
-0.8955218195915222
-0.8388705253601074
-0.7797254323959351
-0.7167156338691711
-0.6472207903862
-0.5798835158348083
-0.6494686603546143
-0.5418916940689087
-0.47925809025764465
-0.4357709288597107
-0.48204246163368225
-0.3540526032447815
-0.3450007736682892
-0.29310351610183716
-0.3075888156890869
-0.3206261992454529
-0.3661248981952667
-0.3217729926109314
-0.27051842212677
-0.24281246960163116
-0.1734571009874344
-0.17550702393054962
-0.1583486646413803
-0.18145523965358734
-0.09418356418609619
-0.11598436534404755
-0.19027800858020782
-0.08670756220817566
-0.038365330547094345
-0.13042590022087097
0.020749250426888466
0.0685819610953331
-0.05349816754460335
0.07699856162071228
0.18506471812725067
0.20817439258098602
0.21347607672214508
0.2056168168783188
0.2118842601776123
0.23289869725704193
0.1996023803949356
0.3245519995689392
0.46166905760765076
0.5148760676383972
0.5476345419883728
0.42325007915496826
0.5337767601013184
0.5254437923431396
0.5930255651473999
0.5837022066116333
0.5819530487060547
0.6749222874641418
0.8356070518493652
0.9259614944458008
0.9417658448219299
1.0113575458526611
1.2339638471603394
1.1327358484268188
1.1612794399261475
1.300330638885498
1.344896912574768
1.3109402656555176
1.4278934001922607
1.5547617673873901
1.5663172006607056
2.0362026691436768
1.943225622177124
2.204141855239868
2.4375696182250977
3.0449869632720947
2.990027904510498
3.0209243297576904
2.1834423542022705
3.2999260425567627
3.6846132278442383
-4.116687774658203
-4.012671947479248
-2.721261501312256
-2.633591413497925
-2.5888350009918213
-2.1396172046661377
-2.1183762550354004
-1.8158754110336304
-1.655293345451355
-1.3478132486343384
-1.3360387086868286
-1.3116235733032227
-1.2284400463104248
-1.2063719034194946
-0.8923611640930176
-0.8780820965766907
-0.8658120632171631
-0.7995420098304749
-0.741250216960907
-0.6464791297912598
-0.6539749503135681
-0.6295780539512634
-0.6274405121803284
-0.524357795715332
-0.44243568181991577
-0.3151046633720398
-0.19988662004470825
-0.1976560652256012
-0.18638069927692413
-0.13309885561466217
-0.04634924605488777
-0.026257993653416634
0.05227437987923622
0.10669762641191483
0.2633100152015686
0.14582177996635437
0.18817973136901855
0.1586727499961853
0.2787192165851593
0.35872575640678406
0.36234399676322937
0.32101935148239136
0.5547467470169067
0.6453368067741394
0.6472222208976746
0.6385099291801453
0.7123160362243652
0.7328218221664429
0.7419984936714172
0.7177985906600952
0.7798327803611755
0.8559339046478271
1.0047416687011719
1.0278288125991821
1.0887075662612915
1.1336606740951538
1.1472958326339722
1.3117560148239136
1.3041532039642334
1.3783326148986816
1.4504246711730957
1.5375295877456665
1.6837372779846191
1.7217539548873901
1.7742751836776733
1.7908811569213867
2.3069331645965576
2.3620340824127197
2.535811424255371
3.2164063453674316
-3.99466872215271
-3.0347046852111816
-2.698276996612549
-2.570641040802002
-2.253129720687866
-2.2147738933563232
-2.008157730102539
-1.982411503791809
-1.9274166822433472
-1.7894976139068604
-1.7141717672348022
-1.71415376663208
-1.7123607397079468
-1.659940481185913
-1.5656555891036987
-1.496860384941101
-1.402198076248169
-1.2758901119232178
-1.1942827701568604
-1.108986258506775
-1.026930570602417
-0.9493483304977417
-1.0448352098464966
-0.6885510683059692
-0.6302456855773926
-0.5363465547561646
-0.4807124435901642
-0.5236318111419678
-0.4899516999721527
-0.441672146320343
-0.45131975412368774
-0.5471394658088684
-0.34990832209587097
-0.39579319953918457
-0.31419289112091064
-0.24702541530132294
-0.24722568690776825
-0.13194914162158966
-0.01147293858230114
-0.023756392300128937
-0.01361402589827776
0.012653408572077751
0.13589537143707275
0.05150716379284859
0.11794465780258179
0.2123299539089203
0.20323969423770905
0.12339641898870468
0.33582282066345215
0.3442782759666443
0.35746902227401733
0.43400517106056213
0.4069957435131073
0.3977850675582886
0.46228039264678955
0.47264617681503296
0.5060852766036987
0.5348779559135437
0.48584073781967163
0.5625223517417908
0.5587500929832458
0.5463171601295471
0.5768004059791565
0.7676499485969543
0.9218379259109497
0.9597051739692688
0.9647848606109619
1.0372824668884277
1.0534697771072388
1.2997933626174927
1.3541823625564575
1.3433901071548462
1.4491775035858154
1.4983712434768677
1.4850692749023438
1.5711668729782104
1.6117756366729736
1.83059561252594
1.9087375402450562
2.016401767730713
2.144230842590332
2.1594462394714355
2.372622013092041
2.625734329223633
2.8698105812072754
2.8105409145355225
2.9685816764831543
-3.7128703594207764
-2.847348928451538
-2.6635119915008545
-2.582869052886963
-2.060504198074341
-2.285228729248047
-2.0170469284057617
-1.8824915885925293
-1.9481136798858643
-1.8135569095611572
-1.8203988075256348
-1.689311146736145
-1.6823151111602783
-1.634141445159912
-1.5007494688034058
-1.2472903728485107
-1.2737258672714233
-1.082983136177063
-1.2068350315093994
-1.0410094261169434
-1.019274115562439
-0.9384415149688721
-0.9088171720504761
-1.0220757722854614
-0.919828474521637
-0.7574751973152161
-0.7423699498176575
-0.9926983714103699
-0.7270817756652832
-0.8367728590965271
-0.6396459341049194
-0.6952916979789734
-0.719735324382782
-0.702447772026062
-0.6045741438865662
-0.6319310069084167
-0.5377589464187622
-0.4597163200378418
-0.48502856492996216
-0.48477381467819214
-0.48344069719314575
-0.4677325189113617
-0.44197145104408264
-0.3966221809387207
-0.25246626138687134
-0.25501298904418945
-0.2589418888092041
-0.2773897647857666
-0.18193747103214264
-0.16671614348888397
-0.12922777235507965
0.0033926742617040873
0.02998887002468109
-0.031030405312776566
0.05253276601433754
0.07711553573608398
0.2816157639026642
0.18620191514492035
0.30001920461654663
0.15033429861068726
0.27552834153175354
0.2809489071369171
0.3697437644004822
0.376274973154068
0.4151431620121002
0.3766384422779083
0.4693913757801056
0.44453534483909607
0.5048713088035583
0.4400857388973236
0.5405650734901428
0.6190685629844666
0.6099146008491516
0.708149254322052
0.6826692819595337
0.7658507227897644
0.8027915954589844
0.7889459729194641
0.908880352973938
0.9573526978492737
1.0779144763946533
1.1256507635116577
1.1683322191238403
1.374300241470337
1.4962091445922852
1.4478681087493896
1.5491197109222412
1.5687646865844727
1.572348952293396
1.5994315147399902
1.759271264076233
1.9033340215682983
2.0499374866485596
2.0972540378570557
2.0794060230255127
2.171832323074341
2.1734328269958496
2.3835878372192383
2.3773581981658936
2.7463152408599854
3.5569636821746826
4.4633469581604
-4.357522487640381
-3.934434413909912
-3.8314802646636963
-3.3884823322296143
-3.073631525039673
-3.0105628967285156
-2.5610556602478027
-2.5545599460601807
-2.536114454269409
-2.208529233932495
-1.9805684089660645
-1.8741908073425293
-1.8128257989883423
-1.7229375839233398
-1.6493091583251953
-1.5657358169555664
-1.4913803339004517
-1.4987660646438599
-1.2659424543380737
-1.1862856149673462
-1.2150676250457764
-1.0813223123550415
-1.1008543968200684
-0.9539685249328613
-0.9625707864761353
-0.851298987865448
-0.9050756692886353
-0.7834809422492981
-0.7711914777755737
-0.67581707239151
-0.6051049828529358
-0.5923731923103333
-0.5640819072723389
-0.43654003739356995
-0.3545067608356476
-0.40329813957214355
-0.35588863492012024
-0.3466503322124481
-0.29126888513565063
-0.2769053280353546
-0.25685766339302063
-0.2620573937892914
-0.25668400526046753
-0.2723217010498047
-0.22840218245983124
-0.19275298714637756
-0.16189542412757874
-0.13725532591342926
-0.17754949629306793
-0.16674727201461792
-0.16886590421199799
-0.13422788679599762
-0.07833798974752426
-0.07488442212343216
-0.024417094886302948
-0.0479389950633049
-0.017432160675525665
-0.09010851383209229
0.03705570846796036
-0.03781857341527939
0.042774658650159836
0.02911677025258541
-0.017856871709227562
0.03521217778325081
0.06067659333348274
0.2865395247936249
0.08735685050487518
0.11812108755111694
0.15830494463443756
0.14788682758808136
0.1867230385541916
0.199540376663208
0.29593411087989807
0.19881919026374817
0.23171421885490417
0.2524279057979584
0.2892782390117645
0.22382202744483948
0.35062772035598755
0.34124457836151123
0.34115976095199585
0.3496810793876648
0.3597669005393982
0.4061468839645386
0.3898964822292328
0.430877685546875
0.48566102981567383
0.48710140585899353
0.41734278202056885
0.5708659291267395
0.44582411646842957
0.5436597466468811
0.7133867740631104
0.8605782985687256
0.8232114315032959
0.8557446599006653
0.8519534468650818
0.9699398875236511
0.9835706353187561
0.8538334965705872
1.0594983100891113
1.0670493841171265
1.1163578033447266
1.1652175188064575
1.1603877544403076
1.2736098766326904
1.2694798707962036
1.3455008268356323
1.6389578580856323
1.5938822031021118
1.7179547548294067
1.760862112045288
1.8201309442520142
1.7133251428604126
1.782504677772522
1.921912431716919
1.9627360105514526
2.1101808547973633
2.1736392974853516
2.2010459899902344
2.897869110107422
2.914259433746338
3.2749204635620117
3.60421085357666
3.577120304107666
-3.7885591983795166
-3.6071176528930664
-3.509279489517212
-2.9217529296875
-2.7321295738220215
-2.593395471572876
-2.4816832542419434
-2.5117440223693848
-2.440603733062744
-2.4305217266082764
-2.141753911972046
-1.9179679155349731
-1.8482249975204468
-1.7129840850830078
-1.6058050394058228
-1.6942435503005981
-1.6307687759399414
-1.6762691736221313
-1.6405383348464966
-1.5041029453277588
-1.4323234558105469
-1.0990655422210693
-1.0172935724258423
-0.5540255904197693
-0.8087542057037354
-0.8192394971847534
-0.9197841882705688
-0.8318080902099609
-0.8163481950759888
-0.7775555849075317
-0.6413477063179016
-0.7201293110847473
-0.6613706946372986
-0.6521690487861633
-0.6039075255393982
-0.5837406516075134
-0.4411822557449341
-0.5246134400367737
-0.4633260667324066
-0.48677459359169006
-0.41263827681541443
-0.4009452760219574
-0.40743231773376465
-0.39043548703193665
-0.35377368330955505
-0.320770263671875
-0.352870911359787
-0.21460135281085968
-0.30579084157943726
-0.19547757506370544
-0.20957958698272705
-0.11184559762477875
-0.102462537586689
-0.19863228499889374
-0.04603463038802147
-0.12851233780384064
-0.11331786960363388
-0.07221969217061996
-0.007526659872382879
0.0265883207321167
-0.0027426276355981827
-0.10562019050121307
0.028342729434370995
0.04934835806488991
0.18674764037132263
0.03586161881685257
0.20565620064735413
0.1402505338191986
0.2680988013744354
0.23573343455791473
0.32053497433662415
0.13687080144882202
0.2662489414215088
0.15972578525543213
0.19272927939891815
0.311995267868042
0.28561297059059143
0.3033427894115448
0.3472850024700165
0.26235827803611755
0.29937466979026794
0.34349414706230164
0.4140010476112366
0.41558852791786194
0.37652531266212463
0.40404456853866577
0.4385225474834442
0.46357452869415283
0.5744775533676147
0.4886893332004547
0.6008387207984924
0.6845951080322266
0.6980096101760864
0.7892407178878784
0.8313517570495605
0.9647757411003113
0.9504259824752808
1.007199764251709
1.0954816341400146
1.054770588874817
1.0823116302490234
1.125289797782898
1.3007043600082397
1.2736647129058838
1.1864954233169556
1.3544849157333374
1.457749843597412
1.5134011507034302
1.6133052110671997
1.654022455215454
1.8361868858337402
1.8281021118164062
1.8151507377624512
1.9466160535812378
2.0774450302124023
2.119476079940796
2.061202049255371
1.8850582838058472
2.267787218093872
2.6655216217041016
2.720400333404541
2.589569330215454
3.047899007797241
2.8293349742889404
3.7879419326782227
-4.171098232269287
-3.993638277053833
-3.7004342079162598
-3.4364404678344727
-2.880150318145752
-2.5586161613464355
-2.249243974685669
-2.265143394470215
-2.2161760330200195
-2.14534068107605
-2.0492541790008545
-2.0094871520996094
-1.9433646202087402
-1.9386683702468872
-1.761044979095459
-1.747300386428833
-1.6802223920822144
-1.58741295337677
-1.4477086067199707
-1.384158968925476
-1.141836404800415
-1.163077712059021
-1.142547369003296
-1.012863039970398
-0.8133199214935303
-0.7497923374176025
-0.6630800366401672
-0.7435978055000305
-0.7233219146728516
-0.6793745756149292
-0.6225171089172363
-0.6289034485816956
-0.5795327425003052
-0.5516037940979004
-0.591454029083252
-0.44491714239120483
-0.4421190023422241
-0.4816019535064697
-0.41830506920814514
-0.37247028946876526
-0.4075872004032135
-0.3389779031276703
-0.33979862928390503
-0.32728585600852966
-0.2694947421550751
-0.2818245589733124
-0.28838714957237244
-0.217408686876297
-0.24341097474098206
-0.20546181499958038
-0.23482534289360046
-0.2157481163740158
-0.266172856092453
-0.45092877745628357
-0.15446631610393524
-0.3617258667945862
-0.17211417853832245
-0.1525314599275589
-0.20176288485527039
-0.06340793520212173
0.019196821376681328
0.012182948179543018
0.05638790875673294
0.012757754884660244
0.0602034293115139
0.08892180025577545
0.17388932406902313
0.19218789041042328
0.16071686148643494
0.16738437116146088
0.15341094136238098
0.24534881114959717
0.2525467574596405
0.2714965045452118
0.2533796727657318
0.2183341234922409
0.12103456258773804
0.2935692071914673
0.32124385237693787
0.28646349906921387
0.2425251007080078
0.4294949769973755
0.39686089754104614
0.513319730758667
0.48938947916030884
0.3617916703224182
0.5805096626281738
0.5823635458946228
0.6735988855361938
0.7857315540313721
1.0551615953445435
0.9792157411575317
1.038913607597351
1.024295687675476
0.9545848369598389
1.116454839706421
1.1794992685317993
1.1121585369110107
1.2076728343963623
1.1568512916564941
1.2032239437103271
1.1739025115966797
1.1535228490829468
1.282191514968872
1.2375457286834717
1.3688185214996338
1.4246758222579956
1.4241223335266113
1.4623295068740845
1.4703038930892944
1.392147421836853
1.5674501657485962
1.5175021886825562
1.5812668800354004
1.7877380847930908
1.883476734161377
1.8426316976547241
2.1490933895111084
2.2370376586914062
2.227182626724243
2.948176860809326
3.068296194076538
2.7429726123809814
3.4648358821868896
3.4729652404785156
-3.8789117336273193
-3.628542900085449
-3.378775119781494
-3.1121912002563477
-3.1437532901763916
-2.784590721130371
-2.762571334838867
-2.345217227935791
-2.301769733428955
-1.9393908977508545
-1.934144377708435
-1.636132836341858
-1.6976184844970703
-1.7043888568878174
-1.594367265701294
-1.75977623462677
-1.5932873487472534
-1.621837854385376
-1.4276738166809082
-1.238692283630371
-1.3920241594314575
-1.1370283365249634
-1.173469066619873
-1.1115883588790894
-1.0116349458694458
-1.027610182762146
-0.9832161068916321
-1.070418357849121
-0.9911326169967651
-0.916424036026001
-0.9074442386627197
-0.8906031847000122
-0.7095867395401001
-0.6380448937416077
-0.7406622171401978
-0.5148338079452515
-0.6921143531799316
-0.5716686248779297
-0.5447309017181396
-0.5339938402175903
-0.6100329756736755
-0.4991897642612457
-0.38931772112846375
-0.3527914881706238
-0.3662099838256836
-0.3315998613834381
-0.16794434189796448
-0.32237446308135986
-0.2624681293964386
-0.22015948593616486
-0.2314039170742035
-0.26803264021873474
-0.2860136032104492
-0.1835339516401291
-0.20044490694999695
-0.06838017702102661
-0.07515555620193481
-0.10808704048395157
-0.0832560658454895
-0.07975683361291885
-0.4088064730167389
-0.08780273795127869
-0.15048295259475708
-0.051345400512218475
-0.02816726639866829
0.04575277119874954
0.019568854942917824
-0.012815985828638077
0.09602902829647064
0.08850925415754318
0.16070802509784698
0.17830471694469452
0.17910493910312653
0.21049506962299347
0.26264891028404236
0.2516653835773468
0.33639752864837646
0.4327126443386078
0.486372172832489
0.4953716993331909
0.5189933180809021
0.40149569511413574
0.5580967664718628
0.6512675881385803
0.643767774105072
0.656986653804779
0.6659380793571472
0.6475968956947327
0.6378003358840942
0.7017759680747986
0.7972916960716248
0.8177579641342163
0.8286502957344055
0.9425675272941589
1.052843451499939
1.0118157863616943
1.0256834030151367
1.122786283493042
1.1705622673034668
1.2166270017623901
1.2557889223098755
1.2550172805786133
1.434364676475525
1.4730223417282104
1.4968976974487305
1.458186149597168
1.5179574489593506
1.5304324626922607
1.622903823852539
1.6828207969665527
1.675459384918213
1.7590882778167725
1.8699226379394531
1.7726216316223145
1.8233423233032227
1.948354959487915
2.1262452602386475
2.2761642932891846
2.255768299102783
2.543215036392212
2.68214750289917
2.6952383518218994
2.998960494995117
2.791499614715576
3.62807035446167
-4.387329578399658
-3.907918691635132
-3.505948305130005
-2.9382028579711914
-2.5503783226013184
-2.671604871749878
-2.5575222969055176
-2.461078405380249
-2.435171365737915
-2.148791551589966
-2.288376569747925
-2.0040555000305176
-1.629003882408142
-1.6368860006332397
-1.4327425956726074
-1.2920138835906982
-1.2889717817306519
-1.147122859954834
-1.1955071687698364
-1.1481975317001343
-1.036421775817871
-0.9559997320175171
-0.9778566360473633
-0.8391097187995911
-0.8487832546234131
-0.8209347128868103
-0.8092796802520752
-0.7742602229118347
-0.7098394632339478
-0.6358817219734192
-0.6227574944496155
-0.4277934432029724
-0.7749142050743103
-0.5530953407287598
-0.4882814288139343
-0.4832149147987366
-0.5004069805145264
-0.5450730919837952
-0.47302886843681335
-0.4438945949077606
-0.3746683895587921
-0.3089783191680908
-0.25000327825546265
-0.10600962489843369
-0.1141185313463211
-0.14360785484313965
-0.12898753583431244
-0.1593785583972931
-0.10663724690675735
-0.05466065928339958
-0.048803698271512985
-0.07136308401823044
-0.05215710029006004
-0.059622056782245636
-0.03922763839364052
-0.028885984793305397
0.006304141134023666
-0.051676638424396515
0.16531512141227722
0.04582006111741066
0.0378914475440979
0.07212113589048386
0.22589914500713348
0.03819943219423294
0.09079965204000473
0.1083250567317009
0.19962957501411438
0.17408064007759094
0.21570423245429993
0.22529439628124237
0.2486918568611145
0.3294430375099182
0.2837139368057251
0.31271299719810486
0.3307178318500519
0.35071924328804016
0.3673625588417053
0.5040637850761414
0.5573656558990479
0.6207969188690186
0.6187969446182251
0.6492832899093628
0.7167115807533264
0.7763200402259827
0.8108514547348022
0.9375787377357483
0.8281792402267456
0.9870401620864868
0.947133481502533
1.0344760417938232
1.068946361541748
1.0566275119781494
1.1265345811843872
1.1393404006958008
1.1645106077194214
1.2339826822280884
1.1837165355682373
1.2407652139663696
1.3251113891601562
1.312051773071289
1.3967677354812622
1.5544462203979492
1.66838538646698
1.6825475692749023
1.7103136777877808
1.3496012687683105
1.7316136360168457
1.8942774534225464
1.9346579313278198
1.9985370635986328
2.3925297260284424
2.5023446083068848
2.680617570877075
2.827289581298828
3.675487995147705
3.778090476989746
-4.673229694366455
-3.8704864978790283
-3.814129590988159
-3.2131423950195312
-2.899310827255249
-2.6573755741119385
-2.290905475616455
-2.0860602855682373
-2.006821393966675
-1.9173674583435059
-1.8479602336883545
-1.8419604301452637
-1.785731554031372
-1.4230972528457642
-1.4803673028945923
-1.5319452285766602
-1.3860387802124023
-1.342387318611145
-1.2105635404586792
-1.145209789276123
-1.115196704864502
-0.9547989368438721
-0.965663731098175
-0.8310121893882751
-0.8161194920539856
-0.7422958016395569
-0.6638800501823425
-0.6488848328590393
-0.6039114594459534
-0.5706351399421692
-0.4958288371562958
-0.5611727833747864
-0.49867796897888184
-0.5781183242797852
-0.5069500803947449
-0.40771880745887756
-0.4645743668079376
-0.5034617781639099
-0.4448225498199463
-0.4273871183395386
-0.3083540201187134
-0.3707432746887207
-0.6297929883003235
-0.3162285089492798
-0.28990527987480164
-0.19599270820617676
-0.2895957827568054
-0.2526554465293884
-0.3107507526874542
-0.21395449340343475
-0.20928944647312164
-0.1893746703863144
-0.18875080347061157
-0.1360553652048111
-0.18294744193553925
-0.0912911668419838
-0.15526659786701202
-0.03839486464858055
-0.022356323897838593
-0.0027535571716725826
0.04952531307935715
0.0982639417052269
0.09362304210662842
0.04107602685689926
0.09256695210933685
0.07266929000616074
0.1307690292596817
0.23376625776290894
0.17632311582565308
0.18281801044940948
0.1653330773115158
0.21494854986667633
0.17389225959777832
0.23878736793994904
0.2826407253742218
0.3190317749977112
0.41534918546676636
0.3552384078502655
0.34613776206970215
0.5069395899772644
0.5014428496360779
0.807917058467865
0.46761491894721985
0.687069296836853
0.6563058495521545
0.8256449699401855
0.8081073760986328
0.867221474647522
0.9825671911239624
1.0381274223327637
1.0645383596420288
1.1681663990020752
1.2696484327316284
1.2735052108764648
1.3110852241516113
1.31605863571167
1.4233956336975098
1.6793771982192993
1.7002383470535278
1.64415442943573
1.6836296319961548
1.7750922441482544
1.7939815521240234
1.749440312385559
1.8870707750320435
1.8636082410812378
1.8582358360290527
1.9208118915557861
2.0137157440185547
2.052260398864746
1.9999244213104248
2.170192241668701
1.8038827180862427
2.431468963623047
3.1618175506591797
3.2852413654327393
2.4873952865600586
-3.9254631996154785
-4.2226338386535645
-3.968402862548828
-3.1680002212524414
-2.795225143432617
-2.6964271068573
-2.657149076461792
-2.4203131198883057
-2.2998785972595215
-2.1191537380218506
-1.9749605655670166
-1.9278656244277954
-1.8374911546707153
-1.701533555984497
-1.6549947261810303
-1.4625197649002075
-1.0893504619598389
-1.3404453992843628
-1.325109601020813
-1.1802852153778076
-1.0245208740234375
-1.073580026626587
-0.9644351601600647
-0.9498000144958496
-0.9136261343955994
-0.862515389919281
-0.7516802549362183
-0.7379305362701416
-0.7458242774009705
-0.7329950332641602
-0.6450536847114563
-0.595647931098938
-0.5880130529403687
-0.5674176216125488
-0.4617025852203369
-0.6536461114883423
-0.5156733393669128
-0.43988069891929626
-0.440717875957489
-0.42693009972572327
-0.4238927364349365
-0.4367828667163849
-0.3950178921222687
-0.3759891986846924
-0.24631698429584503
-0.28099507093429565
-0.15536892414093018
-0.19407600164413452
-0.17060025036334991
-0.10964657366275787
-0.08146961033344269
-0.1403270959854126
-0.294750452041626
-0.024476880207657814
0.18268021941184998
0.02327139303088188
0.051693614572286606
-0.010913863778114319
0.26623815298080444
0.16362841427326202
0.1326550394296646
0.1671481877565384
0.19881212711334229
0.2450464516878128
0.2232644110918045
0.27715370059013367
0.26158809661865234
0.24690543115139008
0.29070085287094116
0.323392391204834
0.35599085688591003
0.37672677636146545
0.3569898307323456
0.42216676473617554
0.4396027624607086
0.3929789662361145
0.49381640553474426
0.5688170194625854
0.7270767688751221
0.5585386157035828
0.6409878730773926
0.5875827670097351
0.6329820156097412
0.7119792103767395
0.7463148832321167
0.728622555732727
0.7209334969520569
0.6657049059867859
0.7154732346534729
0.7396078705787659
0.837433934211731
0.7900197505950928
0.8542625308036804
0.8852892518043518
1.0221092700958252
0.9128171801567078
1.0387271642684937
0.9793077707290649
1.084107756614685
1.093418836593628
0.9856927394866943
1.429990291595459
1.523790717124939
1.6341667175292969
1.6148008108139038
1.6132653951644897
1.8291515111923218
1.7999392747879028
1.8278306722640991
1.8831895589828491
1.9184532165527344
2.01472806930542
2.0370516777038574
2.2182536125183105
2.2533493041992188
2.675668478012085
3.2869224548339844
3.6111011505126953
2.9075076580047607
-3.7374706268310547
-2.8662819862365723
-2.6355717182159424
-2.645251989364624
-2.2981464862823486
-2.1821510791778564
-2.1725730895996094
-2.1154587268829346
-2.104633331298828
-1.9584386348724365
-1.8579626083374023
-1.6843857765197754
-1.5392718315124512
-1.5106130838394165
-1.4508061408996582
-1.3911439180374146
-1.4229987859725952
-1.5780137777328491
-1.2427912950515747
-1.402590036392212
-1.1122398376464844
-1.0734150409698486
-1.1208878755569458
-0.9137957692146301
-1.0443952083587646
-0.9307163953781128
-0.9074984192848206
-0.8985130190849304
-0.9541863203048706
-0.8247782588005066
-0.8740572929382324
-0.7804260849952698
-0.77944415807724
-0.7435720562934875
-0.7672137022018433
-0.7166686654090881
-0.7073180675506592
-0.5897558927536011
-0.5369547009468079
-0.46092095971107483
-0.5246707201004028
-0.3758604824542999
-0.4546557366847992
-0.43178966641426086
-0.4409324526786804
-0.448421448469162
-0.39095422625541687
-0.4345562160015106
-0.3289899230003357
-0.29291820526123047
-0.31764793395996094
-0.3094400465488434
-0.193509042263031
-0.1928553432226181
-0.20913970470428467
-0.19439323246479034
-0.2101890593767166
-0.08357236534357071
-0.09999806433916092
-0.1104421466588974
0.12698785960674286
-0.14641793072223663
-0.04373579099774361
-0.0794018805027008
0.06317011266946793
0.030633578076958656
0.027418555691838264
0.1408279687166214
0.1916620284318924
0.20064395666122437
0.28789088129997253
0.010985715314745903
0.24234676361083984
0.31275731325149536
0.35770875215530396
0.5284540057182312
0.22857612371444702
0.3647773265838623
0.38433143496513367
0.36858662962913513
-0.06685250252485275
0.4221174716949463
0.41424402594566345
0.45510756969451904
0.5149624943733215
0.5317738652229309
0.5739086866378784
0.6854855418205261
0.5947171449661255
0.7792542576789856
1.106892704963684
0.9238364696502686
1.1113669872283936
1.2026681900024414
1.2761964797973633
1.3307503461837769
1.4473952054977417
1.4708225727081299
1.6468714475631714
1.6830247640609741
1.9006980657577515
2.1578943729400635
2.3132102489471436
2.330522298812866
2.3775506019592285
2.440685272216797
2.5732357501983643
2.5433552265167236
2.507150650024414
2.4798147678375244
2.6375341415405273
2.5280508995056152
2.424332857131958
2.769117832183838
3.584017038345337
3.308331251144409
-3.6004607677459717
-3.6257078647613525
-3.3437883853912354
-3.4141712188720703
-3.1423583030700684
-3.0894293785095215
-3.0436031818389893
-2.371460199356079
-2.098723888397217
-2.0278382301330566
-1.7649155855178833
-1.5203478336334229
-1.5511318445205688
-1.6026188135147095
-1.4966859817504883
-1.2720342874526978
-1.1137717962265015
-1.2095826864242554
-1.077580213546753
-1.061024785041809
-1.0555822849273682
-0.9882980585098267
-1.037672758102417
-1.0143660306930542
-0.8346161246299744
-0.8783246278762817
-0.7444798350334167
-0.7113257646560669
-0.7416356801986694
-0.7367628216743469
-0.8010110259056091
-0.6857084631919861
-0.5787614583969116
-0.6063643097877502
-0.7271572947502136
-0.5141156911849976
-0.4518657922744751
-0.5511094927787781
-0.4234394431114197
-0.40703633427619934
-0.4510902464389801
-0.3835686147212982
-0.41641825437545776
-0.32723358273506165
-0.35261744260787964
-0.28863978385925293
-0.21419891715049744
-0.20889277756214142
-0.1726526916027069
-0.14739717543125153
-0.10067681968212128
-0.04308203235268593
-0.10916519910097122
-0.05419112369418144
-0.05130637437105179
-0.02063193917274475
-0.050477366894483566
0.02313997410237789
0.040244210511446
0.04942822456359863
0.053010448813438416
0.05848312005400658
0.1443992406129837
0.18461067974567413
0.2106930911540985
0.19836434721946716
0.2626941502094269
0.11819228529930115
0.2554173469543457
0.08405163139104843
0.37894412875175476
0.31737545132637024
0.3986007273197174
0.503287672996521
0.49153777956962585
0.4181092381477356
0.4438716471195221
0.522695004940033
0.5689414739608765
0.5953242778778076
0.6675624847412109
0.6297227144241333
0.676947295665741
0.8119441866874695
0.8631175756454468
0.831072986125946
1.0153783559799194
0.9602472186088562
0.9956896901130676
0.9906206727027893
0.923174262046814
0.9603580832481384
1.057289958000183
0.9328432083129883
1.1938601732254028
0.9931309819221497
1.3417249917984009
1.3479053974151611
1.3899743556976318
1.2932913303375244
1.4770309925079346
1.707460641860962
1.7535185813903809
1.7859185934066772
1.6168828010559082
1.9998681545257568
2.165318250656128
2.525538921356201
2.603036403656006
2.712881326675415
2.766833543777466
2.8344690799713135
2.9629695415496826
3.199160099029541
3.0009496212005615
-4.821370601654053
-4.73540735244751
-4.009490966796875
-2.613180637359619
-2.3596818447113037
-2.41215181350708
-2.6836998462677
-2.2675137519836426
-2.1133856773376465
-2.044384479522705
-1.886451244354248
-1.7475271224975586
-1.6840925216674805
-1.6478835344314575
-1.6227320432662964
-1.5447368621826172
-1.1208451986312866
-1.0404894351959229
-1.0366822481155396
-1.0064948797225952
-0.9086099863052368
-0.8349001407623291
-0.8517171740531921
-0.8164229989051819
-0.7650167346000671
-0.7655667066574097
-0.7136608958244324
-0.6590331196784973
-0.6606189012527466
-0.7001410722732544
-0.6349050402641296
-0.5674707293510437
-0.5436487793922424
-0.4523144066333771
-0.46026211977005005
-0.37069910764694214
-0.3089084029197693
-0.29004064202308655
-0.2244679182767868
-0.27159789204597473
-0.14894938468933105
-0.18151059746742249
-0.1684357225894928
-0.10496433079242706
-0.1336042284965515
-0.22333768010139465
-0.029450079426169395
-0.09656108915805817
-0.02296697534620762
-0.10829315334558487
0.18403509259223938
-0.06157957389950752
-0.012714116834104061
-0.12042921036481857
-0.11045890301465988
-0.0008837718050926924
0.02195831947028637
-0.006214328110218048
0.031788043677806854
0.04038611799478531
0.1955076903104782
0.1406494677066803
0.15020276606082916
0.11520508676767349
0.1388748586177826
0.18066954612731934
0.20443886518478394
0.27514171600341797
0.37711989879608154
0.33408600091934204
0.2670563757419586
0.3530019521713257
0.39301615953445435
0.4126332104206085
0.28006210923194885
0.40724530816078186
0.40608829259872437
0.38980889320373535
0.3837631046772003
0.5502187013626099
0.577002227306366
0.5941737294197083
0.7311220169067383
0.7792142629623413
0.8536050915718079
0.81902676820755
0.8363929390907288
0.9480958580970764
0.951137363910675
0.9328873753547668
0.9893949627876282
1.068529486656189
1.057281494140625
1.0534974336624146
1.1034469604492188
1.2303595542907715
1.2471381425857544
1.3770999908447266
1.31136953830719
1.2972548007965088
1.3297001123428345
1.3973289728164673
1.5655460357666016
1.448015809059143
1.4777581691741943
1.5547860860824585
1.6210603713989258
1.7911193370819092
1.845329761505127
2.114956855773926
1.9497220516204834
3.3360273838043213
3.4997615814208984
3.2674076557159424
3.5390496253967285
-3.9598352909088135
-3.197019100189209
-3.1416385173797607
-2.9763596057891846
-2.917174816131592
-2.8870253562927246
-2.7226829528808594
-2.6261649131774902
-2.3936927318573
-2.062351703643799
-1.9614578485488892
-1.8745958805084229
-1.8492710590362549
-1.6608567237854004
-1.5103765726089478
-1.2498615980148315
-1.2362112998962402
-1.1231101751327515
-1.166342854499817
-1.0981396436691284
-1.1209806203842163
-1.0071024894714355
-1.026017665863037
-0.9649248719215393
-0.9376967549324036
-0.9159517884254456
-0.9326379895210266
-0.9224169254302979
-0.6456601619720459
-0.6467995643615723
-0.6594792604446411
-0.6014817357063293
-0.6390061378479004
-0.5572383999824524
-0.4311811029911041
-0.4096490740776062
-0.40552082657814026
-0.24977782368659973
-0.25853806734085083
-0.2830636501312256
-0.24931180477142334
-0.2448616474866867
-0.20036597549915314
-0.18002498149871826
-0.13735134899616241
-0.1988213211297989
-0.15353021025657654
-0.19437693059444427
-0.17027547955513
-0.07958101481199265
-0.041479259729385376
-0.045668501406908035
-0.008336611092090607
-0.025844400748610497
-0.02944665215909481
-0.03300363942980766
0.009174233302474022
0.005879459902644157
0.22137045860290527
0.09146171808242798
0.05239593982696533
0.057972438633441925
0.07175299525260925
0.1494234949350357
0.08974029123783112
0.08490996062755585
0.13993717730045319
0.15369106829166412
0.13422712683677673
0.18715108931064606
0.26951953768730164
0.33465656638145447
0.290580153465271
0.36943310499191284
0.37382611632347107
0.5079999566078186
0.4555828869342804
0.36278170347213745
0.5987321138381958
0.4964727461338043
0.6609801054000854
0.678802490234375
0.7813736796379089
0.8112607598304749
0.6885955333709717
0.7913259863853455
1.0229417085647583
1.0286681652069092
1.0689159631729126
1.079319953918457
1.1386115550994873
1.2622427940368652
1.3172719478607178
1.406665563583374
1.3744566440582275
1.4090690612792969
1.501926302909851
1.619430661201477
1.7197020053863525
1.7988264560699463
1.9214218854904175
2.045804500579834
2.2306933403015137
2.3109772205352783
2.3360137939453125
2.4420199394226074
2.53257155418396
2.3388755321502686
3.0073087215423584
3.242499351501465
3.132025957107544
3.0123021602630615
-4.066187381744385
-2.96943998336792
-2.928471565246582
-2.8864312171936035
-2.644913673400879
-2.6193485260009766
-2.476022958755493
-2.349973678588867
-2.172952175140381
-2.2195353507995605
-1.807499647140503
-1.7356854677200317
-1.4986826181411743
-1.4515622854232788
-1.339716911315918
-1.380677342414856
-1.2860147953033447
-1.3572163581848145
-1.141061782836914
-1.1846139430999756
-1.0696829557418823
-1.0062583684921265
-0.9935569763183594
-0.9953963160514832
-0.9607853293418884
-0.8614391684532166
-0.89551842212677
-0.8727586269378662
-0.8577598929405212
-0.8202539682388306
-0.8346539735794067
-0.754887580871582
-0.7365757822990417
-0.677706778049469
-0.5803096294403076
-0.5777590870857239
-0.5432676672935486
-0.5823045372962952
-0.470554918050766
-0.4213738739490509
-0.4645705223083496
-0.37916484475135803
-0.24991321563720703
-0.3118041157722473
-0.27477166056632996
-0.28475111722946167
-0.24770794808864594
-0.24615369737148285
-0.17645786702632904
-0.16220253705978394
-0.11820901185274124
-0.06251473724842072
-0.05377296358346939
-0.03643064945936203
-0.06221240013837814
0.01825287751853466
0.02740650251507759
0.10533872991800308
0.0006057801656424999
0.12119486927986145
0.14635686576366425
0.1972014307975769
0.18247509002685547
0.1661616712808609
0.21340826153755188
0.20372125506401062
0.21432478725910187
0.28724148869514465
0.281281977891922
-0.0038181862328201532
0.3616762161254883
0.3860291540622711
0.3923571705818176
0.38372114300727844
0.26773038506507874
0.4790381193161011
0.39807114005088806
0.477553129196167
0.3441919684410095
0.5751063823699951
0.6865750551223755
0.644615650177002
0.7319257259368896
0.6887912154197693
0.8033609986305237
0.9053668975830078
0.842648446559906
0.9655930995941162
0.9792410731315613
0.9681090116500854
1.1148371696472168
1.227242112159729
1.2514722347259521
1.4594496488571167
1.4148837327957153
1.4578969478607178
1.4946945905685425
1.540168285369873
1.5918991565704346
1.9187736511230469
1.995099425315857
1.9779584407806396
2.1501269340515137
2.1947715282440186
2.2912070751190186
2.216848611831665
2.383216381072998
2.4980216026306152
2.7849743366241455
3.271900177001953
3.5347959995269775
3.9463553428649902
-4.472807884216309
-4.519877910614014
-3.0498263835906982
-2.9957821369171143
-2.680476188659668
-2.827843427658081
-2.6368253231048584
-2.660126209259033
-2.5567221641540527
-2.4952099323272705
-1.9289741516113281
-1.647310733795166
-1.4980320930480957
-1.4262402057647705
-1.32782781124115
-1.3137751817703247
-1.3085651397705078
-1.1429946422576904
-1.0804176330566406
-0.9784271717071533
-0.9652065634727478
-0.9331480264663696
-0.8529819846153259
-0.6535669565200806
-0.7381123900413513
-0.6354517340660095
-0.6103286147117615
-0.615941047668457
-0.6402863264083862
-0.5933403968811035
-0.5933137536048889
-0.5541301965713501
-0.5898648500442505
-0.5364338159561157
-0.5138208270072937
-0.4864354729652405
-0.45778951048851013
-0.14094994962215424
-0.4190663695335388
-0.38292479515075684
-0.3779793977737427
-0.4012254476547241
-0.27887967228889465
-0.2741471827030182
-0.35421332716941833
-0.33818885684013367
-0.2409992516040802
-0.2779754102230072
-0.17882777750492096
-0.18937619030475616
-0.1971057802438736
-0.17898842692375183
-0.09288717061281204
-0.11996151506900787
-0.07432398945093155
-0.10499005764722824
0.013926969841122627
0.038172490894794464
0.0890592634677887
0.09567353874444962
0.1373300403356552
0.1501859575510025
0.2133380025625229
0.11868103593587875
0.18329334259033203
0.15547889471054077
0.24025213718414307
0.29693272709846497
0.31461262702941895
0.4068169891834259
0.3658093512058258
0.4901818335056305
0.42921754717826843
0.4543662667274475
0.4635589122772217
0.47696417570114136
0.4061640501022339
0.3709591031074524
0.5159894227981567
0.6384782791137695
0.6484711170196533
0.6256714463233948
0.6673111319541931
0.7884182333946228
0.8440015316009521
0.8271819353103638
0.8373913168907166
0.8233195543289185
1.044634461402893
0.994223952293396
0.9965181350708008
1.1942040920257568
1.2886886596679688
1.4416502714157104
1.433608055114746
1.525032639503479
1.550458550453186
1.5770565271377563
1.6095486879348755
1.5684213638305664
1.6385934352874756
1.5808322429656982
1.6536176204681396
1.670851230621338
1.6092230081558228
1.9121931791305542
1.9925237894058228
1.8283261060714722
2.1786603927612305
2.4043161869049072
2.720414161682129
3.0707366466522217
2.9934399127960205
3.536242723464966
-4.9257049560546875
-4.463648796081543
-3.7054214477539062
-3.5693392753601074
-3.0600593090057373
-3.002957582473755
-2.875502109527588
-2.382124185562134
-2.170032262802124
-2.0157382488250732
-2.0169692039489746
-1.685874342918396
-1.653848648071289
-1.128754734992981
-0.9484293460845947
-0.9594648480415344
-0.9367091059684753
-0.8564444184303284
-1.6426801681518555
-0.7618826627731323
-0.8170201778411865
-0.7540399432182312
-0.769885241985321
-0.7489671111106873
-0.704749584197998
-0.7077072262763977
-0.6861311793327332
-0.6118009090423584
-0.5509182810783386
-0.547106146812439
-0.5545392632484436
-0.5398132801055908
-0.3957913815975189
-0.43348631262779236
-0.6554999351501465
-0.38066354393959045
-0.3527897000312805
-0.3447285294532776
-0.26817646622657776
-0.29710739850997925
-0.21680767834186554
-0.2724958062171936
-0.2547624707221985
-0.24292819201946259
-0.20561620593070984
-0.13483312726020813
-0.13890600204467773
-0.1528485268354416
-0.10759775340557098
-0.1067277118563652
-0.030241195112466812
-0.3480830788612366
-0.0010947062401100993
0.06565124541521072
0.07463566213846207
0.180262491106987
0.16170577704906464
0.09231793135404587
0.19641023874282837
0.24942506849765778
0.238907128572464
0.11599449813365936
0.24714338779449463
0.24013711512088776
0.28997573256492615
0.34537991881370544
0.3075720965862274
0.5779169797897339
0.3613320589065552
0.4463382363319397
0.5014244318008423
0.48845145106315613
0.5530831813812256
0.5551279783248901
0.5405982136726379
0.6224870681762695
0.6826582551002502
0.7452607750892639
0.3900144398212433
0.7349809408187866
0.7416566014289856
0.7769789695739746
0.8128336071968079
0.8535873293876648
0.8738398551940918
0.8160131573677063
0.9408622980117798
0.9399991035461426
0.978416383266449
1.0458004474639893
1.0341204404830933
1.0308477878570557
1.0875030755996704
1.1531505584716797
1.180789589881897
1.2202154397964478
1.2221659421920776
1.3795162439346313
1.3633517026901245
1.567144751548767
1.3435394763946533
1.5842809677124023
1.561083436012268
1.6869175434112549
1.9887325763702393
2.2759079933166504
2.386752128601074
2.4312760829925537
2.6626124382019043
2.954526901245117
3.099785327911377
3.0960488319396973
-5.587630748748779
-4.27786111831665
-3.7029707431793213
-3.2853267192840576
-2.632308006286621
-2.6759390830993652
-2.4593753814697266
-2.4190707206726074
-2.0043375492095947
-1.9352041482925415
-1.5742359161376953
-1.449580430984497
-1.4306561946868896
-1.3533616065979004
-1.3164949417114258
-1.2272379398345947
-1.1808772087097168
-1.1431783437728882
-1.1239820718765259
-0.9618457555770874
-0.8649454712867737
-0.8803289532661438
-0.7749629616737366
-0.6348446607589722
-0.573183536529541
-0.4689289629459381
-0.5336231589317322
-0.49094608426094055
-0.37815147638320923
-0.3998217284679413
-0.4326516389846802
-0.3345014154911041
-0.27068325877189636
-0.25926974415779114
-0.18667753040790558
-0.16727842390537262
-0.14199183881282806
-0.14637655019760132
-0.1202583834528923
-0.09690041840076447
-0.016225961968302727
-0.016954798251390457
0.021068155765533447
0.05999605357646942
0.10974249243736267
0.1427699476480484
0.15458916127681732
0.16607992351055145
0.12135657668113708
0.19267500936985016
0.20644605159759521
0.40887609124183655
0.2591380774974823
0.31484726071357727
0.3174498379230499
0.3611370325088501
0.3540826737880707
0.3848055601119995
0.46763578057289124
0.4580693244934082
0.44485148787498474
0.4620833098888397
0.4641931354999542
0.47806045413017273
0.5136999487876892
0.5039577484130859
0.5615575909614563
0.5924235582351685
0.5983197689056396
0.6229004263877869
0.6962108612060547
0.6914900541305542
0.7577605843544006
0.8359127640724182
0.7988099455833435
0.8275296688079834
0.9317650198936462
0.8818386197090149
0.928954005241394
0.9511356949806213
1.0152839422225952
1.004108190536499
1.0616661310195923
1.099107027053833
1.0502920150756836
1.15761137008667
1.2519707679748535
1.38368821144104
1.3976441621780396
1.4447972774505615
1.4423428773880005
1.566074252128601
1.6989370584487915
1.7687517404556274
2.0321521759033203
2.1001226902008057
2.3034908771514893
2.276927947998047
2.9139199256896973
3.9178736209869385
-3.06141996383667
-2.8517801761627197
-3.0903427600860596
-2.564954996109009
-2.3864262104034424
-2.4738521575927734
-2.3777785301208496
-2.3221628665924072
-2.04905366897583
-1.9171476364135742
-1.715984582901001
-1.791526198387146
-1.6795207262039185
-1.6211013793945312
-1.6942614316940308
-1.5688401460647583
-1.8454437255859375
-1.5524979829788208
-1.3899327516555786
-1.3333775997161865
-1.2222058773040771
-1.396923542022705
-1.1468766927719116
-1.279768943786621
-1.0588178634643555
-1.096920371055603
-1.1829373836517334
-1.1357007026672363
-1.0943161249160767
-0.9605242013931274
-1.135346531867981
-1.071465015411377
-0.7620376944541931
-0.7091860175132751
-0.5852810144424438
-0.6142331957817078
-0.5856944918632507
-0.5355557799339294
-0.6128465533256531
-0.7007144689559937
-0.5443947911262512
-0.53840571641922
-0.6194363236427307
-0.4753715991973877
-0.4322117865085602
-0.4246496260166168
-0.3736923038959503
-0.45258864760398865
-0.37018883228302
-0.45806533098220825
-0.31438881158828735
-0.25348109006881714
-0.3100442886352539
-0.25238609313964844
-0.29678353667259216
-0.19278691709041595
-0.16115403175354004
-0.09473448991775513
-0.023200398311018944
-0.11138167232275009
-0.040458109229803085
0.27459630370140076
0.011428079567849636
0.06279511749744415
0.07782617956399918
0.1863296926021576
0.2118045538663864
0.22250621020793915
0.16416163742542267
0.5017812848091125
0.2012503296136856
0.2686850130558014
0.2609122097492218
0.26301392912864685
0.550929605960846
0.44272032380104065
0.496883749961853
0.5363526940345764
0.5678695440292358
0.6661511659622192
0.7596294283866882
0.8067798614501953
0.843402624130249
0.8553148508071899
0.8955546617507935
1.0890196561813354
1.0561283826828003
1.0682951211929321
1.0823099613189697
1.1111153364181519
0.9057146906852722
1.1424607038497925
1.3165106773376465
1.1879441738128662
1.2628874778747559
1.247132420539856
1.2681784629821777
1.3478776216506958
1.3813514709472656
1.5255156755447388
1.4298125505447388
1.523206114768982
1.4822665452957153
1.4529179334640503
1.5994824171066284
1.7288743257522583
1.655471682548523
1.827414631843567
1.965966820716858
2.0374200344085693
1.967988133430481
2.016678810119629
2.1490893363952637
2.154223918914795
2.2164549827575684
2.6772608757019043
2.9471054077148438
2.3803796768188477
3.5814266204833984
-4.266850471496582
-3.642775774002075
-3.1626036167144775
-2.1913037300109863
-2.0104446411132812
-1.6861371994018555
-1.253718614578247
-1.1576484441757202
-0.9317381978034973
-0.7030885219573975
-0.7150202989578247
-0.704606831073761
-0.6732744574546814
-0.6503582000732422
-0.6069968938827515
-0.5707985162734985
-0.46297574043273926
-0.20871247351169586
0.018217656761407852
0.048700034618377686
0.1173350065946579
0.32534658908843994
0.34549251198768616
0.3864990174770355
0.7197821736335754
0.7546545267105103
0.7810649871826172
0.8546608686447144
0.9007842540740967
0.9384191036224365
0.9493891000747681
0.9722502827644348
0.9580569267272949
1.0706002712249756
1.0827102661132812
1.0852309465408325
1.074555516242981
1.2710846662521362
1.3575921058654785
1.4128222465515137
1.419558048248291
1.5187941789627075
1.6563397645950317
1.7068957090377808
1.8722161054611206
-4.878002166748047
-3.267202615737915
-2.4790916442871094
-1.9160945415496826
-1.7106451988220215
-1.6510593891143799
-1.6035569906234741
-1.00002920627594
-0.8810184001922607
-0.8440197110176086
-0.8522560596466064
-0.7962889671325684
-0.7718306183815002
-0.7980040311813354
-0.6795684099197388
-0.570570170879364
-0.6368125081062317
-0.6131126880645752
-0.5222808718681335
-0.19996413588523865
-0.1539383828639984
0.07139264792203903
0.15348346531391144
0.13630333542823792
0.19295348227024078
0.2631498873233795
0.3111913800239563
0.42989927530288696
0.5350757837295532
0.6055724620819092
0.6037096381187439
0.6847115159034729
0.7075071334838867
0.7091779708862305
0.7146333456039429
0.8168251514434814
1.0780863761901855
1.0808348655700684
1.1087441444396973
1.2371467351913452
1.2853502035140991
1.313224196434021
1.3470605611801147
1.544095516204834
1.5667451620101929
1.6860830783843994
1.7765769958496094
1.796010971069336
3.0698018074035645
-4.142035961151123
-3.5333521366119385
-3.085414409637451
-2.293428659439087
-2.0861222743988037
-1.999884843826294
-1.8555196523666382
-1.8360819816589355
-1.4715557098388672
-1.3197376728057861
-1.3678399324417114
-1.381287693977356
-1.2291957139968872
-1.2155014276504517
-1.1652371883392334
-1.2470417022705078
-0.8709330558776855
-0.5838193893432617
-0.525613009929657
-0.4398966133594513
-0.44021767377853394
-0.40638968348503113
-0.3074367940425873
-0.29388806223869324
-0.32820001244544983
-0.30483800172805786
-0.2209736704826355
-0.26850754022598267
-0.23739628493785858
-0.1768709123134613
-0.14239968359470367
-0.10567569732666016
-0.19660453498363495
-0.14060336351394653
-0.0884171724319458
-0.08606259524822235
0.08074449002742767
0.04519715905189514
0.1723848134279251
0.18673725426197052
0.16135163605213165
0.19862890243530273
0.2815794050693512
0.295808345079422
0.3265555500984192
0.3349280059337616
0.41969481110572815
0.436612069606781
0.5492308139801025
0.5886393785476685
0.7690080404281616
0.7663422226905823
0.7878730297088623
0.8503198623657227
0.817787766456604
0.8981823921203613
0.9218147993087769
1.0997387170791626
1.0615373849868774
1.0957105159759521
1.1366589069366455
1.121816635131836
1.2456231117248535
1.3513703346252441
1.3824825286865234
1.5614721775054932
1.8242682218551636
1.7997487783432007
1.9696136713027954
2.187399387359619
2.527998208999634
2.3847501277923584
3.7543716430664062
-3.4999423027038574
-3.4796464443206787
-3.241481065750122
-2.618950128555298
-2.4378182888031006
-2.272885799407959
-2.2832956314086914
-2.0258498191833496
-1.7774022817611694
-1.7817258834838867
-1.6947580575942993
-1.679656982421875
-1.664101243019104
-1.4582977294921875
-1.5488423109054565
-1.532160758972168
-1.53223717212677
-1.2938644886016846
-1.1012346744537354
-1.0894672870635986
-0.9163758158683777
-0.8757804036140442
-0.8072571754455566
-0.7927777171134949
-0.9283496737480164
-0.6765034794807434
-0.6786327362060547
-0.6521754860877991
-0.4825652241706848
-0.48763251304626465
-0.48209744691848755
-0.4638862907886505
-0.334639310836792
-0.28619953989982605
-0.24718160927295685
-0.14829561114311218
-0.1907532662153244
-0.18744392693042755
-0.18634508550167084
-0.1622651219367981
-0.11767979711294174
-0.09354035556316376
-0.0986982211470604
-0.07033999264240265
-0.36180976033210754
-0.004970213398337364
0.07622494548559189
0.07223466783761978
0.08603055030107498
0.12450996786355972
0.1385641247034073
0.1550670862197876
0.1382250040769577
0.2705484926700592
0.2520257532596588
0.2835322916507721
0.39483556151390076
0.4287105202674866
0.4117729663848877
0.3222601115703583
0.35477399826049805
0.3057206869125366
0.44373998045921326
0.4565216302871704
0.4758276343345642
0.5285331010818481
0.664466381072998
0.6592850089073181
0.6639828681945801
0.7476759552955627
0.6897419691085815
0.8931769132614136
0.9258636832237244
1.0234509706497192
1.1047303676605225
1.0559674501419067
1.1152299642562866
1.172570824623108
1.2720510959625244
1.2717761993408203
1.2429040670394897
1.320113182067871
1.4590481519699097
1.6052402257919312
1.653747797012329
1.7018691301345825
1.8166587352752686
1.954074740409851
2.091017007827759
2.1285223960876465
2.5612339973449707
2.689911127090454
3.0345067977905273
3.146200180053711
3.363138198852539
-5.3752665519714355
-5.097614765167236
-2.5824365615844727
-2.4414641857147217
-2.3488824367523193
-2.124368667602539
-2.0438106060028076
-1.6049624681472778
-1.4369961023330688
-1.3294529914855957
-1.3088738918304443
-1.2206963300704956
-0.9997633099555969
-0.8986415266990662
-0.7485096454620361
-0.7201231122016907
-0.7326950430870056
-0.6758443713188171
-0.6274670958518982
-0.6521879434585571
-0.6517415642738342
-0.6143112182617188
-0.5220555067062378
-0.36396104097366333
-0.3190060555934906
-0.3169657289981842
-0.395523339509964
-0.2908201813697815
-0.15249063074588776
-0.271859735250473
-0.05924414098262787
-0.0675261840224266
0.030952947214245796
0.0015286963898688555
0.09705952554941177
0.12300636619329453
0.1724930703639984
0.13715656101703644
0.19752180576324463
0.21455174684524536
0.19516350328922272
0.24249285459518433
0.44506850838661194
0.3836342394351959
0.43607398867607117
0.4674430191516876
0.5078080296516418
0.47129425406455994
0.4556232988834381
0.5589138865470886
0.587705135345459
0.5752401351928711
0.5682091116905212
0.6135991215705872
0.6013100147247314
0.6645814180374146
0.8319994211196899
0.7201263904571533
0.7363460659980774
0.8745461106300354
0.8649846315383911
0.927516758441925
0.9524707198143005
0.9901630878448486
1.324806809425354
1.0792393684387207
1.1184353828430176
1.26505708694458
1.2574595212936401
1.2280571460723877
1.254936933517456
1.5010967254638672
1.5733321905136108
1.651190996170044
2.1085753440856934
2.2330801486968994
2.6864211559295654
3.0672900676727295
-4.855810642242432
-3.2865407466888428
-2.3129706382751465
-2.2879321575164795
-1.9205888509750366
-1.8866795301437378
-1.6870687007904053
-1.7758700847625732
-1.8465648889541626
-1.469441294670105
-1.3540517091751099
-1.289488673210144
-1.159488320350647
-1.1891875267028809
-1.166327953338623
-1.0620951652526855
-1.1340582370758057
-1.0825053453445435
-1.1085234880447388
-1.1614782810211182
-1.0861647129058838
-1.0709776878356934
-0.9780922532081604
-1.0085511207580566
-0.9356048703193665
-0.9232710003852844
-0.8124384880065918
-0.8932160139083862
-0.8078857064247131
-0.7672781348228455
-0.5434156656265259
-0.5238333940505981
-0.4877483546733856
-0.42636433243751526
-0.4403528571128845
-0.45700469613075256
-0.35526353120803833
-0.2736080288887024
-0.21738897264003754
-0.2812729477882385
-0.2170589566230774
-0.2220572680234909
-0.20369578897953033
-0.24359087646007538
-0.15121565759181976
-0.0899161845445633
-0.09696680307388306
0.032995980232954025
-0.13786134123802185
0.11521017551422119
0.20910462737083435
0.2230275571346283
0.3119538128376007
0.2706890404224396
0.34691381454467773
0.3671077787876129
0.4113752841949463
0.4455522894859314
0.4638715088367462
0.46603089570999146
0.5997050404548645
0.5055587887763977
0.41561159491539
0.7162957191467285
0.7847349643707275
0.7277870178222656
0.8186990022659302
1.011277675628662
0.8378801941871643
0.955125093460083
0.9635846018791199
1.0802308320999146
1.1158455610275269
1.1916232109069824
1.1716270446777344
1.1006619930267334
1.1635351181030273
1.0623961687088013
1.397267460823059
1.588973045349121
1.5260910987854004
1.6255698204040527
1.58175528049469
1.6957284212112427
1.7727969884872437
1.7783727645874023
1.9388970136642456
2.2588822841644287
2.214348554611206
2.4670326709747314
2.9889185428619385
4.968121528625488
-4.491042137145996
-3.668154001235962
-2.851308822631836
-2.778856039047241
-2.5119383335113525
-2.5026965141296387
-2.4357004165649414
-2.194791555404663
-2.2311058044433594
-2.202462673187256
-2.3049724102020264
-2.0011653900146484
-2.0169317722320557
-1.877020239830017
-1.9461191892623901
-1.8264046907424927
-1.7595425844192505
-1.6250994205474854
-1.6118313074111938
-1.3458991050720215
-1.27942955493927
-1.212483286857605
-1.3295341730117798
-1.162479281425476
-1.075962781906128
-1.1468974351882935
-1.0485364198684692
-0.8963819146156311
-1.0309247970581055
-1.0255674123764038
-0.9571940302848816
-0.9662026166915894
-0.9323083758354187
-0.8038358092308044
-0.6560723185539246
-0.6334466338157654
-0.6832801103591919
-0.6158561706542969
-0.6081031560897827
-0.5684937238693237
-0.443989098072052
-0.4453597068786621
-0.475795716047287
-0.3357626497745514
-0.34124141931533813
-0.30991530418395996
-0.24632450938224792
-0.3096834719181061
-0.258929967880249
-0.2814113199710846
-0.1370154768228531
-0.18865881860256195
-0.12635837495326996
-0.11344524472951889
-0.13785341382026672
-0.1737508475780487
-0.05752074718475342
-0.08568522334098816
0.007813801057636738
0.02821345627307892
0.157573401927948
0.0771452933549881
0.10106558352708817
0.13244102895259857
0.21974115073680878
0.30809512734413147
0.25879213213920593
0.36995089054107666
0.33679062128067017
0.37156179547309875
0.2629867196083069
0.17895466089248657
0.40051648020744324
0.5047001838684082
0.44126227498054504
0.4226851165294647
0.4461202621459961
0.33473217487335205
0.6108874082565308
0.42163944244384766
0.6299903392791748
0.6626367568969727
0.7276330590248108
0.7619838714599609
0.6976259350776672
0.7991278171539307
0.4737436771392822
0.9381811022758484
0.9184070825576782
0.9428281784057617
0.9712837934494019
0.9635583758354187
1.0467225313186646
1.0240994691848755
1.0776315927505493
1.1118937730789185
1.1897411346435547
1.2122036218643188
1.1277087926864624
1.0924924612045288
1.3278197050094604
1.1125402450561523
1.324060082435608
1.2461185455322266
1.2430974245071411
1.2825613021850586
1.3655571937561035
1.4587494134902954
1.4783066511154175
1.510372519493103
1.7473496198654175
1.7803288698196411
1.8659892082214355
1.7702783346176147
1.4697378873825073
1.5734385251998901
1.9635112285614014
2.1469552516937256
1.7838679552078247
2.1061742305755615
2.1059048175811768
2.1337835788726807
2.4126076698303223
2.5352625846862793
3.777198314666748
-4.53032112121582
-4.165292263031006
-3.846323013305664
-3.7426414489746094
-3.302692413330078
-3.086937427520752
-2.3440632820129395
-2.1379828453063965
-2.4030094146728516
-2.1652417182922363
-1.9920958280563354
-1.9990150928497314
-1.7954453229904175
-1.7030878067016602
-1.633649468421936
-1.3351225852966309
-1.2453477382659912
-1.1384869813919067
-1.1769121885299683
-1.0786499977111816
-1.0973072052001953
-1.107730507850647
-0.9539926052093506
-0.7848896980285645
-0.8656595945358276
-0.8319467306137085
-0.9835258722305298
-0.5334371328353882
-0.5085189938545227
-0.4877361059188843
-0.5372507572174072
-0.4470784366130829
-0.5194936394691467
-0.4927756190299988
-0.30054783821105957
-0.2929336428642273
-0.32348403334617615
-0.33620044589042664
-0.31922006607055664
-0.2808612585067749
-0.2601836025714874
-0.2637634873390198
-0.22373344004154205
-0.2065034657716751
-0.21610583364963531
-0.23729045689105988
-0.17810899019241333
-0.1656106412410736
-0.189964160323143
-0.0424150787293911
-0.1934712529182434
-0.13268107175827026
-0.09602151066064835
-0.09544705599546432
0.028377696871757507
-0.03155941516160965
-0.01246101688593626
0.03803657740354538
0.010281460359692574
-0.04209354147315025
0.08354001492261887
0.09720460325479507
0.10964324325323105
0.11425789445638657
0.05861275643110275
0.16133752465248108
0.1851857751607895
0.1942293643951416
0.1990729719400406
0.20111767947673798
0.2125297635793686
0.23743081092834473
0.2735835611820221
0.2287410944700241
0.23129971325397491
0.2672853171825409
0.2587216794490814
0.3239557147026062
0.2949131429195404
0.39488643407821655
0.3905911147594452
0.2367788702249527
0.4230010211467743
0.527103841304779
0.4871399700641632
0.4348941445350647
0.4857705235481262
0.5040626525878906
0.5230493545532227
0.546660840511322
0.5456379055976868
0.6374393701553345
0.6249096393585205
0.6545751690864563
0.735246479511261
0.7136960029602051
0.648409366607666
0.7009957432746887
0.7039809823036194
0.8320142030715942
0.8076013326644897
0.850185215473175
0.9376468658447266
1.0073449611663818
1.003015398979187
1.1210006475448608
1.1320880651474
1.2419058084487915
1.267822027206421
1.2669349908828735
1.4136282205581665
1.4228969812393188
1.496068000793457
1.5741008520126343
1.6501085758209229
1.7950307130813599
1.90192449092865
2.368110179901123
2.1452314853668213
2.5928683280944824
3.073390245437622
3.385695219039917
3.4966773986816406
3.289933919906616
3.612910032272339
-4.243065357208252
-3.2678029537200928
-2.6150434017181396
-2.611743927001953
-2.5816774368286133
-2.3179330825805664
-2.1547462940216064
-1.932047963142395
-2.235316276550293
-2.090134382247925
-1.964221715927124
-1.8331444263458252
-1.952467918395996
-1.9101775884628296
-1.6846808195114136
-1.612170934677124
-1.4703668355941772
-1.5794068574905396
-1.6101453304290771
-1.430681824684143
-1.4998011589050293
-1.4760571718215942
-1.3232841491699219
-1.1762127876281738
-1.1165255308151245
-1.0554916858673096
-1.2876336574554443
-0.9775443077087402
-1.0431902408599854
-0.8880432844161987
-0.7864269614219666
-0.6780192852020264
-0.607113778591156
-0.704020619392395
-0.7604495286941528
-0.7624354362487793
-0.5868895053863525
-0.5941450595855713
-0.6027142405509949
-0.30771198868751526
-0.5271120667457581
-0.3606397807598114
-0.42799821496009827
-0.3862772583961487
-0.09200455993413925
-0.32292017340660095
-0.22972464561462402
-0.34743306040763855
-0.16330067813396454
-0.21329987049102783
-0.15745426714420319
-0.0011664528865367174
-0.09562602639198303
-0.07668185979127884
-0.08166434615850449
-0.13534191250801086
-0.09695394337177277
-0.04152985289692879
-0.25671449303627014
0.015620755031704903
0.07104098051786423
0.012927261181175709
-0.10666831582784653
0.21150262653827667
-0.44836127758026123
0.16344694793224335
0.21273300051689148
0.23406706750392914
0.20247472822666168
0.27917394042015076
0.28266197443008423
0.2814982235431671
0.22988921403884888
0.31475481390953064
0.29459452629089355
0.49688196182250977
0.3478326201438904
0.3912959396839142
0.49171558022499084
0.5496513247489929
0.4851854741573334
0.3401167094707489
0.534406840801239
0.5487304925918579
0.5375305414199829
0.25536730885505676
0.6166172623634338
0.6140975952148438
0.6766225099563599
0.7158768773078918
0.7185694575309753
0.7980112433433533
0.8303016424179077
0.8577497601509094
0.9079694747924805
0.983626663684845
1.0309953689575195
1.0195481777191162
0.8698427677154541
1.0843697786331177
1.1236529350280762
1.1654284000396729
1.2512933015823364
1.3058356046676636
1.20763099193573
-0.1365455985069275
1.4340624809265137
1.3367607593536377
1.6240853071212769
1.474150538444519
1.6090723276138306
1.6968395709991455
1.7379666566848755
2.163987636566162
1.934288740158081
2.1890456676483154
2.0347366333007812
2.1691248416900635
2.208578586578369
2.3970398902893066
2.6423115730285645
2.908198595046997
2.6142916679382324
2.9685418605804443
3.329880475997925
-4.468446254730225
-3.2477991580963135
-3.8529367446899414
-2.7214627265930176
-2.5311522483825684
-2.5933728218078613
-2.398601531982422
-2.5295701026916504
-2.466977119445801
-2.2736587524414062
-1.9582545757293701
-1.8652031421661377
-1.6905972957611084
-1.6419401168823242
-1.7245346307754517
-1.3928617238998413
-1.4175307750701904
-1.4659936428070068
-1.411806583404541
-1.3412973880767822
-1.3008817434310913
-1.3368263244628906
-1.4102935791015625
-1.1150226593017578
-1.0192193984985352
-0.9669868350028992
-0.7873425483703613
-0.9015454053878784
-0.859264075756073
-0.6897032856941223
-0.6614859700202942
-0.7452611327171326
-0.7100549936294556
-0.674625039100647
-0.6402884125709534
-0.580352783203125
-0.5504292845726013
-0.5199965238571167
-0.5307892560958862
-0.47556835412979126
-0.6792317628860474
-0.5006682276725769
-0.5238792300224304
-0.5085729360580444
-0.5513310432434082
-0.5144381523132324
-0.45637208223342896
-0.38022395968437195
-0.3594497740268707
-0.31946396827697754
-0.33604469895362854
-0.28942492604255676
-0.358437180519104
-0.2603543996810913
-0.29367849230766296
-0.3296358287334442
-0.20042666792869568
0.06704477220773697
-0.21532365679740906
-0.1138080358505249
-0.13422715663909912
-0.04611121490597725
-0.1725872904062271
-0.029560325667262077
0.056017618626356125
0.06562813371419907
0.07099663466215134
0.180097758769989
0.2928586006164551
0.372379869222641
0.410176545381546
0.41030263900756836
0.403503954410553
0.661703884601593
0.6301704049110413
0.6588377952575684
0.5877052545547485
0.5889356136322021
0.6059049367904663
0.7017587423324585
0.5989373922348022
0.6831761598587036
0.750825047492981
0.7658392786979675
0.6914273500442505
0.7839354872703552
0.8148272633552551
0.829068660736084
0.8450703024864197
0.8503900766372681
0.9022520780563354
1.0232774019241333
0.9459301233291626
0.8984456658363342
0.8958761096000671
1.0260814428329468
1.0930324792861938
1.0939056873321533
1.2210487127304077
1.057107925415039
1.157204508781433
1.1423184871673584
1.2807855606079102
1.4506564140319824
1.3232280015945435
1.3357195854187012
1.3703858852386475
1.4934455156326294
1.4550520181655884
1.4373408555984497
1.5522795915603638
1.6428993940353394
1.6658120155334473
1.6850180625915527
1.6985294818878174
1.6591682434082031
1.81325101852417
1.9936414957046509
1.9345932006835938
2.0224039554595947
2.034510850906372
2.6420278549194336
2.9138731956481934
2.608597755432129
3.195964813232422
-4.419644355773926
-3.5605742931365967
-3.2174880504608154
-3.043971300125122
-2.9575719833374023
-2.207623243331909
-2.322230815887451
-2.204770803451538
-2.273470640182495
-2.1917238235473633
-1.9918519258499146
-2.0602638721466064
-2.1117324829101562
-1.8192793130874634
-1.8341609239578247
-1.9866751432418823
-1.6384738683700562
-1.6500422954559326
-1.6537630558013916
-1.4858639240264893
-1.403145670890808
-1.479416012763977
-1.401461124420166
-1.3081965446472168
-1.295241117477417
-1.113466739654541
-1.1493284702301025
-1.1295384168624878
-1.1164215803146362
-1.056540608406067
-1.056633710861206
-0.9303303956985474
-0.758466362953186
-0.7127427458763123
-0.629732608795166
-0.525752067565918
-0.47647276520729065
-0.46783557534217834
-0.44252461194992065
-0.426454097032547
-0.43408843874931335
-0.3757131099700928
-0.3714837431907654
-0.3398685157299042
-0.39918252825737
-0.3023335039615631
-0.1876036375761032
-0.2238006591796875
-0.21049149334430695
-0.15593938529491425
-0.18501102924346924
-0.12040884792804718
-0.14621001482009888
-0.08025404065847397
-0.24580644071102142
-0.09471622854471207
-0.05437573045492172
0.017762310802936554
0.10338430851697922
0.07686113566160202
0.1357264667749405
0.32019543647766113
0.15362493693828583
0.17487837374210358
0.18846726417541504
0.18697881698608398
0.24735574424266815
0.19387583434581757
0.16558805108070374
0.28513967990875244
0.15581129491329193
0.23495523631572723
0.3502556383609772
0.5749284625053406
0.4209558069705963
0.36205101013183594
0.38923174142837524
0.3627557158470154
0.48118123412132263
0.5446345806121826
0.6059653162956238
0.5692859888076782
0.6576672196388245
0.6400213241577148
0.7014254927635193
0.6740975379943848
0.6830334067344666
0.6876842379570007
0.9983662962913513
0.8001618385314941
0.9134570360183716
0.9606983065605164
0.9619130492210388
1.0776300430297852
1.1547117233276367
1.0391240119934082
1.1076692342758179
1.0649973154067993
1.178870677947998
1.227373719215393
1.1795251369476318
1.2585952281951904
1.3153266906738281
1.242429494857788
1.3304080963134766
1.3224973678588867
1.343996524810791
1.3291507959365845
1.5043483972549438
1.34944486618042
1.5352026224136353
1.6273980140686035
1.7763841152191162
1.7669464349746704
1.960207462310791
2.189187526702881
1.9631128311157227
2.118600606918335
2.196476697921753
2.1190433502197266
2.1941115856170654
2.342949151992798
2.4080052375793457
3.234602451324463
2.9994609355926514
-3.332284927368164
-3.0476667881011963
-2.566822052001953
-2.5120160579681396
-2.5408809185028076
-2.288588762283325
-2.0186312198638916
-2.0646119117736816
-1.9604145288467407
-1.9138349294662476
-1.7415496110916138
-1.519057273864746
-1.4536285400390625
-1.3769030570983887
-1.4050593376159668
-1.1615521907806396
-1.1559675931930542
-1.078058123588562
-1.0161164999008179
-0.8009092211723328
-0.8295531272888184
-0.7739073038101196
-0.7506584525108337
-0.6126534938812256
-0.4917040765285492
-0.4687414765357971
-0.43837741017341614
-0.46123939752578735
-0.43183138966560364
-0.38609832525253296
-0.25529488921165466
-0.2867980897426605
-0.27194246649742126
-0.2701648771762848
-0.15706972777843475
-0.14534348249435425
-0.1822657585144043
-0.1084030419588089
-0.06631994247436523
-0.0017292132833972573
0.09726354479789734
0.12256753444671631
0.12834952771663666
0.17155908048152924
0.2720659077167511
0.31589511036872864
0.4500465989112854
0.4386158883571625
0.5028483867645264
0.5102601051330566
0.5891539454460144
0.6721422076225281
0.7245036363601685
0.7636519074440002
0.7792059183120728
0.8149306774139404
0.8774752020835876
0.9524044394493103
1.0314984321594238
0.9750714302062988
1.1393574476242065
1.1038963794708252
1.1874949932098389
1.1878433227539062
1.304804801940918
1.2526259422302246
1.4855659008026123
1.4937162399291992
1.5374864339828491
1.9075168371200562
2.109842300415039
2.174725294113159
2.2409095764160156
2.2009894847869873
2.5759947299957275
2.659146785736084
2.713489294052124
2.8797342777252197
-3.43562388420105
-3.0142159461975098
-2.7193074226379395
-2.6059134006500244
-2.2738935947418213
-2.1569061279296875
-1.9757368564605713
-1.850046157836914
-1.7763080596923828
-1.6257795095443726
-1.3790463209152222
-1.129258632659912
-0.967534065246582
-0.9618649482727051
-0.9481251239776611
-0.9052196741104126
-0.7195407748222351
-0.8444812297821045
-1.0749644041061401
-0.7560880184173584
-0.8062455654144287
-0.6241669654846191
-0.5220199227333069
-0.6106071472167969
-0.5419145226478577
-0.5826436281204224
-0.5736116766929626
-0.5430678129196167
-0.5370396375656128
-0.5061085820198059
-0.4283181130886078
-0.4250580668449402
-0.2474984973669052
-0.16000325977802277
-0.06990539282560349
-0.018199177458882332
0.033991724252700806
0.045547693967819214
0.018212758004665375
0.1449388563632965
0.41700097918510437
0.19974833726882935
0.18189126253128052
0.2482014298439026
0.13645225763320923
0.4654860198497772
0.49020859599113464
0.5306313633918762
0.55714350938797
0.35814791917800903
0.7088102698326111
0.7452158331871033
0.7275415658950806
0.896845817565918
0.9021908640861511
1.046514868736267
1.0392124652862549
1.1178789138793945
1.1317273378372192
1.1781574487686157
1.3518041372299194
1.3629924058914185
1.5039654970169067
1.5537067651748657
1.8215323686599731
1.8146342039108276
2.122634172439575
1.9259766340255737
2.1258816719055176
2.217405080795288
2.191173553466797
2.1479480266571045
2.183685302734375
2.671224594116211
-4.880248546600342
-4.330066204071045
-3.861402988433838
-3.6788034439086914
-3.5295047760009766
-2.3512420654296875
-2.3484580516815186
-1.76267409324646
-1.5905795097351074
-1.4496443271636963
-1.4681346416473389
-1.334377646446228
-1.20186185836792
-1.1708160638809204
-1.1177631616592407
-0.9703072905540466
-0.9125378131866455
-0.8417133688926697
-0.7883867025375366
-0.6576652526855469
-0.6264330744743347
-0.6603557467460632
-0.559146523475647
-0.41247373819351196
-0.5159896612167358
-0.49566519260406494
-0.3491613566875458
-0.4082370400428772
-0.2286803275346756
-0.3181644380092621
-0.24482841789722443
-0.3326556980609894
-0.362716406583786
-0.2583804428577423
-0.2156573235988617
-0.25042474269866943
-0.09935785084962845
-0.3520847260951996
-0.11463060230016708
-0.08900298923254013
-0.0445789098739624
0.028639808297157288
0.12395855039358139
0.16328538954257965
0.21840907633304596
0.22131186723709106
0.27997615933418274
0.3393479287624359
0.2624894678592682
0.36996588110923767
0.4617193937301636
0.5687718391418457
0.45569607615470886
0.4999191164970398
0.5179139971733093
0.7016481161117554
0.6979966163635254
0.6892203092575073
0.7295343279838562
0.7616968750953674
0.8439578413963318
0.8078110814094543
0.8483985066413879
0.8942058086395264
0.9168677926063538
0.99090576171875
0.9680787324905396
1.0569891929626465
0.9975783228874207
1.1505192518234253
1.0645140409469604
1.0841665267944336
0.9948334693908691
1.3019979000091553
1.2821030616760254
1.2871776819229126
1.2839514017105103
1.1531267166137695
1.4166779518127441
1.5052992105484009
1.6590781211853027
1.7965528964996338
1.7695281505584717
1.887765884399414
1.7948546409606934
2.021851062774658
2.060472011566162
2.058819532394409
2.195230007171631
-3.8070919513702393
-3.310145378112793
-3.1493031978607178
-2.98703932762146
-2.744837999343872
-2.313291072845459
-1.7938880920410156
-1.6929945945739746
-1.6119598150253296
-1.6371705532073975
-1.4129893779754639
-1.1900275945663452
-1.1768075227737427
-1.159145474433899
-1.1569035053253174
-1.0242433547973633
-0.995689332485199
-0.8621465563774109
-0.8780474066734314
-0.884351372718811
-0.7421666383743286
-0.5080338716506958
-0.5540472269058228
-0.5098323225975037
-0.45550644397735596
-0.3958911597728729
-0.3275899887084961
-0.23347409069538116
-0.26826000213623047
-0.2695852816104889
-0.19505684077739716
-0.20607130229473114
-0.1444145292043686
-0.023189544677734375
0.022167429327964783
-0.004668872337788343
0.0062663801945745945
0.10915911942720413
0.06347411125898361
0.2407456487417221
0.047918230295181274
0.2244032472372055
0.28059467673301697
0.2900635302066803
0.3415628671646118
0.42404139041900635
0.4115881323814392
0.5349857211112976
0.5642091631889343
0.6491727232933044
0.6601241230964661
0.7756404876708984
0.79910808801651
0.8546813130378723
0.9124984741210938
0.9380446672439575
1.0459240674972534
1.0138118267059326
1.1383790969848633
1.1744987964630127
1.185159683227539
1.137357473373413
1.2810710668563843
1.336346983909607
1.4408342838287354
1.4101744890213013
1.603910207748413
1.6999117136001587
2.0662779808044434
2.263620376586914
2.3802216053009033
2.45169997215271
3.2969675064086914
3.5492448806762695
-3.805612087249756
-3.347541093826294
-3.1605172157287598
-2.965625286102295
-2.7966721057891846
-2.4363582134246826
-2.4506447315216064
-2.3459441661834717
-2.01239275932312
-2.1384103298187256
-2.002619743347168
-2.0256507396698
-1.9687235355377197
-1.8341678380966187
-1.6182653903961182
-1.6222503185272217
-1.5218944549560547
-1.6600438356399536
-1.420572280883789
-1.3743361234664917
-1.5824223756790161
-1.2075022459030151
-1.076359510421753
-1.2741847038269043
-1.2065775394439697
-0.9767971038818359
-0.9278456568717957
-0.8756534457206726
-0.77220219373703
-0.6113009452819824
-0.6462045907974243
-0.6679892539978027
-0.5255406498908997
-0.5198039412498474
-0.5266472697257996
-0.12090995162725449
-0.515471339225769
-0.3385807275772095
-0.38129425048828125
-0.38903945684432983
-0.44870224595069885
-0.49722999334335327
-0.40173858404159546
-0.4401248097419739
-0.2710988521575928
-0.49985554814338684
-0.2881169319152832
-0.18248791992664337
-0.27113020420074463
-0.25199228525161743
-0.4355352818965912
-0.19110344350337982
-0.16843530535697937
-0.2003931999206543
-0.08006375283002853
-0.0353059321641922
-0.14164699614048004
-0.11166421324014664
-0.014678345061838627
-0.14622433483600616
0.02489377185702324
0.044360414147377014
-0.004284060560166836
-0.0811782106757164
0.122343510389328
0.07482635229825974
0.10134660452604294
0.08934207260608673
0.11136679351329803
0.04342944547533989
0.19638575613498688
0.3390376567840576
0.19584815204143524
0.26387715339660645
0.23767836391925812
0.2934598922729492
0.41165125370025635
0.42912229895591736
0.41599828004837036
0.36427342891693115
0.38790830969810486
0.3466084897518158
0.4484671354293823
0.38842034339904785
0.6509913206100464
0.5091394782066345
0.6671690344810486
0.606793224811554
0.7085109949111938
0.6292991638183594
0.6828027367591858
0.9081951975822449
0.9024930596351624
1.0225749015808105
0.9524450302124023
0.9618649482727051
1.1606541872024536
1.0635991096496582
1.1245332956314087
1.2193166017532349
1.405198574066162
1.1682565212249756
1.2612550258636475
1.3033108711242676
1.3472540378570557
1.247910976409912
1.3368457555770874
1.2643576860427856
1.0642883777618408
1.5128793716430664
1.542147159576416
1.603164553642273
1.5510374307632446
1.7592123746871948
2.000790596008301
1.8734382390975952
1.9846017360687256
2.183839797973633
2.4612553119659424
2.29995059967041
2.311767578125
2.1807188987731934
2.503141403198242
3.152639627456665
3.3932690620422363
