12.692083358764648
30.570701599121094
67.0904541015625
15.242823600769043
40.04985046386719
82.73289489746094
63.690731048583984
53.27968215942383
43.039554595947266
84.88610076904297
83.0335922241211
28.550254821777344
17.780630111694336
74.63568878173828
45.829078674316406
105.1016616821289
23.508405685424805
65.70698547363281
43.117523193359375
59.72797393798828
20.198884963989258
29.841331481933594
29.318470001220703
99.58650970458984
52.32771682739258
33.162147521972656
10.492456436157227
48.84083938598633
75.20085144042969
43.69625473022461
79.84748077392578
22.53878402709961
49.97308349609375
12.116677284240723
72.05750274658203
45.82901382446289
67.83771514892578
18.143108367919922
93.03652954101562
88.22093200683594
32.713130950927734
71.2121810913086
34.5029182434082
50.1943244934082
76.0908203125
106.17335510253906
28.180912017822266
60.85908889770508
37.06966781616211
42.39365768432617
17.750595092773438
84.84405517578125
102.67047119140625
49.21986770629883
11.099089622497559
16.083410263061523
46.68409729003906
63.644935607910156
52.78563690185547
71.45072937011719
5.003953456878662
31.27751350402832
41.47905349731445
46.14680862426758
42.0432014465332
13.70315933227539
88.14234924316406
28.821989059448242
89.6422348022461
105.36416625976562
37.341495513916016
78.47085571289062
22.884870529174805
70.50328063964844
28.459238052368164
21.68033790588379
33.289588928222656
60.106971740722656
48.95564270019531
59.22040939331055
73.46184539794922
69.5058822631836
89.79611206054688
8.049363136291504
13.501077651977539
24.826623916625977
42.369319915771484
58.55909729003906
64.20563507080078
12.564946174621582
30.002609252929688
33.96635818481445
91.83072662353516
91.34349822998047
70.0246353149414
18.611095428466797
97.26947021484375
51.67024612426758
38.08510208129883
63.45183181762695
42.12776565551758
22.963592529296875
75.36497497558594
65.58275604248047
57.781211853027344
90.8271484375
75.44972229003906
59.17259216308594
31.059871673583984
45.1059684753418
29.392250061035156
79.16743469238281
43.6613883972168
52.15462875366211
11.469738960266113
85.99580383300781
4.3268561363220215
67.77811431884766
67.40277862548828
90.00785064697266
20.93406867980957
14.775416374206543
104.40801239013672
63.459320068359375
39.71346664428711
67.63967895507812
54.79584884643555
32.4553337097168
68.54058074951172
43.22494888305664
17.156423568725586
60.849735260009766
37.963932037353516
67.64801025390625
9.516793251037598
12.867990493774414
73.09174346923828
77.32511901855469
42.53855895996094
25.723920822143555
57.38815689086914
72.81442260742188
33.240482330322266
72.32423400878906
24.492692947387695
52.32392883300781
85.98716735839844
63.02744674682617
109.62708282470703
26.989633560180664
41.0355110168457
70.94998931884766
30.51444435119629
64.73522186279297
43.64868927001953
47.96322250366211
33.84223175048828
101.1082534790039
78.21646118164062
60.848636627197266
8.31640625
86.77278137207031
74.39794921875
53.578731536865234
74.14564514160156
27.91393280029297
71.78425598144531
9.471745491027832
33.283199310302734
87.82674407958984
50.12324523925781
11.715638160705566
97.24677276611328
21.927888870239258
35.32176971435547
111.77469635009766
62.92970657348633
73.54583740234375
37.46271896362305
58.91249084472656
48.863746643066406
90.8314437866211
30.519428253173828
104.70492553710938
101.31922149658203
15.035606384277344
17.103473663330078
38.97672653198242
22.461158752441406
70.94908905029297
12.523344039916992
53.175193786621094
79.87841796875
40.352298736572266
32.75456237792969
36.60417175292969
10.25251579284668
76.55613708496094
92.52520751953125
90.88434600830078
15.537140846252441
94.0348129272461
27.514598846435547
69.06535339355469
61.46371841430664
53.17308044433594
47.53984069824219
20.421701431274414
26.079483032226562
61.34682083129883
75.6983413696289
72.38923645019531
70.14186096191406
21.236875534057617
13.035300254821777
68.99085998535156
69.22921752929688
82.98273468017578
31.170623779296875
50.18659591674805
12.300226211547852
50.401206970214844
59.873966217041016
9.17418384552002
36.46779251098633
89.23442077636719
91.61747741699219
93.9135513305664
47.727413177490234
33.19702911376953
79.4361343383789
73.83502960205078
39.157562255859375
64.24080657958984
21.907663345336914
45.65407180786133
58.02915954589844
65.82498168945312
54.37333297729492
81.0179672241211
41.922176361083984
22.000587463378906
71.61970520019531
76.2353286743164
15.821825981140137
53.281982421875
36.78304672241211
91.0831298828125
34.31539535522461
5.514115810394287
89.53004455566406
72.35535430908203
16.644123077392578
73.10480499267578
75.24581146240234
95.34370422363281
45.004329681396484
70.58975982666016
13.772809982299805
41.545772552490234
56.26738357543945
38.07307052612305
20.69642448425293
73.06324768066406
54.76502990722656
95.77409362792969
30.780235290527344
34.07425308227539
16.429121017456055
48.4017219543457
48.08894729614258
20.566984176635742
65.45198822021484
85.2281494140625
29.91857147216797
5.544364929199219
57.08857727050781
28.944995880126953
51.39603805541992
13.720589637756348
100.9170913696289
8.066865921020508
95.51848602294922
66.53164672851562
20.527484893798828
41.316959381103516
71.54037475585938
58.660343170166016
35.511077880859375
24.308645248413086
45.109718322753906
38.009056091308594
73.01791381835938
97.87628173828125
22.84136962890625
36.83680725097656
11.021255493164062
10.886885643005371
20.523073196411133
48.724456787109375
48.61615753173828
33.11179733276367
8.059515953063965
75.76154327392578
38.18877029418945
-2.640015125274658
42.57624435424805
89.84227752685547
90.43421173095703
13.033490180969238
48.059940338134766
20.295948028564453
99.4591064453125
69.26005554199219
35.70795440673828
19.51009750366211
43.371395111083984
93.40865325927734
52.89921569824219
33.024574279785156
55.630836486816406
81.44320678710938
38.38644790649414
46.6613655090332
58.499515533447266
52.08982849121094
10.088204383850098
12.802732467651367
60.61338424682617
27.122913360595703
7.205306529998779
3.214263916015625
48.86921310424805
5.308643341064453
14.731574058532715
78.1678237915039
93.19974517822266
28.910343170166016
60.27965545654297
55.53557586669922
15.998465538024902
102.01544952392578
59.567813873291016
50.30002212524414
42.41840362548828
70.26112365722656
24.91286277770996
64.70246887207031
57.32733917236328
55.594120025634766
30.886194229125977
9.347556114196777
11.714567184448242
30.075210571289062
30.24880599975586
91.3724594116211
44.77638244628906
68.3685302734375
42.614723205566406
48.374698638916016
58.589683532714844
8.623103141784668
92.90512084960938
19.4658203125
28.6171875
100.23878479003906
11.03730583190918
69.02754211425781
61.98853302001953
33.31736373901367
63.381935119628906
48.37779998779297
22.838977813720703
67.58397674560547
60.25001525878906
68.14522552490234
41.42084503173828
15.137590408325195
7.880271911621094
41.284027099609375
21.457096099853516
7.557459831237793
58.75380325317383
48.468204498291016
47.28587341308594
14.62195110321045
3.921212673187256
83.55329132080078
25.22278594970703
88.77366638183594
29.046539306640625
51.40668487548828
94.41008758544922
21.195283889770508
65.20626068115234
43.26456069946289
83.26953887939453
55.7985954284668
21.4194393157959
41.62202072143555
65.49516296386719
48.79258346557617
27.265533447265625
7.02726411819458
9.283473014831543
23.258787155151367
25.854249954223633
5.909674644470215
40.33848190307617
72.24909210205078
14.344775199890137
6.601377010345459
19.871604919433594
6.837113380432129
59.64918899536133
108.77257537841797
34.6064453125
61.680999755859375
107.65032958984375
12.137833595275879
37.94410705566406
69.44972229003906
53.6132698059082
22.858510971069336
27.438142776489258
84.5556411743164
40.38463592529297
61.918846130371094
51.55241394042969
83.14840698242188
63.12396240234375
5.932762622833252
45.67948913574219
75.7811279296875
11.339054107666016
62.73568344116211
26.665407180786133
73.31007385253906
79.9594497680664
32.009864807128906
78.9756851196289
55.044429779052734
102.70082092285156
15.783100128173828
61.62614059448242
71.76021575927734
106.81758880615234
43.29801559448242
23.36593246459961
19.81956672668457
35.16341781616211
46.51061248779297
43.59300231933594
86.27444458007812
78.39976501464844
62.589210510253906
47.0315055847168
54.39350128173828
13.649608612060547
18.563119888305664
32.255680084228516
10.23473072052002
74.95826721191406
62.58003616333008
46.326148986816406
33.494258880615234
12.004960060119629
37.780616760253906
63.46863555908203
91.59066772460938
87.78082275390625
29.05160903930664
47.44842529296875
61.61581039428711
15.27135181427002
99.66152954101562
23.747800827026367
52.168094635009766
37.03663635253906
79.75902557373047
69.29559326171875
47.907798767089844
58.41939163208008
7.234500408172607
20.69502830505371
3.3916335105895996
62.47597122192383
5.651469707489014
12.564926147460938
19.914751052856445
41.031768798828125
70.8398666381836
4.495168685913086
35.41563415527344
12.654106140136719
58.33517074584961
88.92048645019531
33.448246002197266
15.388647079467773
93.86859130859375
64.697021484375
52.698631286621094
72.82942199707031
50.78289031982422
18.638782501220703
37.33774948120117
64.55945587158203
49.80495071411133
76.03556823730469
95.9577865600586
9.426467895507812
14.523195266723633
24.090255737304688
76.2867431640625
44.74510955810547
10.712713241577148
84.91378784179688
56.16123962402344
59.740325927734375
75.29290771484375
40.313194274902344
26.185667037963867
95.80804443359375
54.62805938720703
94.20486450195312
11.166482925415039
33.63370895385742
67.46533966064453
23.835065841674805
88.25341796875
29.70711326599121
46.75861358642578
56.67448425292969
97.9300537109375
46.613975524902344
45.77172088623047
57.01211166381836
6.827347278594971
3.8890621662139893
67.69677734375
66.04418182373047
33.810646057128906
76.06673431396484
7.692346572875977
16.91769027709961
14.726130485534668
3.2197368144989014
46.661556243896484
70.50244140625
97.4281005859375
97.51209259033203
35.64458465576172
20.007482528686523
55.06753158569336
64.80613708496094
29.94692039489746
21.371736526489258
40.94953155517578
68.01663208007812
49.54061508178711
96.01007080078125
71.35832214355469
20.89873504638672
60.484039306640625
64.71622467041016
46.03974151611328
10.109293937683105
6.320751667022705
56.32674789428711
6.153192520141602
14.884889602661133
21.662275314331055
42.271400451660156
36.936771392822266
91.8585205078125
8.547930717468262
89.890625
46.19136047363281
21.61052894592285
97.92469024658203
28.797344207763672
62.99129867553711
89.72374725341797
41.36298370361328
57.040992736816406
47.862369537353516
26.214191436767578
54.35298156738281
70.07786560058594
54.524169921875
33.721832275390625
29.190696716308594
34.80295181274414
65.85757446289062
35.73735809326172
42.4970703125
68.53124237060547
6.916939735412598
18.028579711914062
28.5079345703125
53.616119384765625
100.24091339111328
11.7399320602417
99.97200012207031
18.14842987060547
106.36985778808594
31.249874114990234
57.538604736328125
63.30630111694336
38.207969665527344
25.460838317871094
52.28325653076172
64.71710968017578
72.07038879394531
72.89473724365234
21.24627113342285
21.111398696899414
8.934551239013672
9.347233772277832
26.960369110107422
51.01138687133789
11.32470989227295
85.01806640625
64.7258529663086
41.36730194091797
64.62638854980469
48.52815628051758
95.0385971069336
94.63456726074219
14.430548667907715
57.3930549621582
38.59568786621094
63.70334243774414
15.147109031677246
70.64502716064453
40.316162109375
30.699920654296875
74.66704559326172
53.305641174316406
30.421693801879883
71.64225006103516
53.052978515625
35.2331428527832
56.341156005859375
34.05022048950195
36.65133285522461
6.724372386932373
46.92015075683594
12.158282279968262
62.921173095703125
70.88031768798828
53.95133590698242
-0.19460687041282654
-0.12771347165107727
11.018019676208496
92.65270233154297
93.81353759765625
49.834232330322266
36.47563552856445
13.666943550109863
67.19437408447266
98.27070617675781
59.0759391784668
40.77253723144531
26.937978744506836
71.84453582763672
55.58420944213867
72.1955337524414
46.157222747802734
10.620057106018066
19.717544555664062
10.833354949951172
39.37667465209961
65.23107147216797
80.12128448486328
85.48562622070312
10.139264106750488
47.80250930786133
64.18240356445312
81.20269012451172
9.808300018310547
26.718212127685547
101.27286529541016
64.7619400024414
39.10614013671875
77.6334457397461
89.07333374023438
22.149316787719727
32.288795471191406
46.66501235961914
72.87394714355469
20.381731033325195
36.500022888183594
67.1140365600586
10.904306411743164
15.804461479187012
16.145172119140625
7.2472825050354
15.512954711914062
8.61351203918457
63.376792907714844
43.997703552246094
22.217464447021484
67.96320343017578
34.439395904541016
10.226304054260254
33.58553695678711
90.06909942626953
91.24664306640625
63.307613372802734
40.79594802856445
13.494986534118652
72.84561920166016
97.69957733154297
62.690956115722656
41.4683723449707
49.57258224487305
26.588237762451172
55.990997314453125
20.981210708618164
84.35398864746094
99.04090881347656
57.117061614990234
13.315533638000488
14.480616569519043
43.42259979248047
35.59967041015625
46.6823616027832
5.325990676879883
62.74881362915039
81.40061950683594
10.554131507873535
53.38597869873047
8.406882286071777
27.261974334716797
75.99002075195312
88.66925811767578
67.62651824951172
102.72368621826172
38.087799072265625
13.266839981079102
57.9857292175293
38.73011016845703
64.71629333496094
59.43768310546875
39.758968353271484
22.310277938842773
75.73546600341797
73.80284118652344
20.510662078857422
10.139030456542969
87.90972137451172
54.17424774169922
11.035277366638184
50.188907623291016
78.15702056884766
5.0694780349731445
55.52000427246094
52.924354553222656
36.28464889526367
25.838178634643555
94.52975463867188
97.50877380371094
11.312092781066895
44.78192901611328
23.03858184814453
58.410457611083984
97.656982421875
65.07829284667969
49.38873291015625
37.61345291137695
26.8104248046875
21.322050094604492
64.12525177001953
48.85321044921875
41.6317024230957
24.48686408996582
19.021434783935547
54.569908142089844
