1.5454329252243042
1.3315719366073608
0.5625371336936951
1.3474457263946533
0.7818718552589417
0.03971982002258301
0.21970339119434357
1.112112045288086
1.1827731132507324
-1.1626253128051758
-1.5531195402145386
0.9921497106552124
1.3052871227264404
-1.622244119644165
0.5973201394081116
-1.2575880289077759
0.7756914496421814
-1.6286205053329468
0.9910517930984497
-0.11701076477766037
0.9800093770027161
1.2223557233810425
0.7684727311134338
-2.5872697830200195
1.595963716506958
1.398126482963562
1.2686690092086792
1.3937307596206665
-1.1123918294906616
0.043621890246868134
-0.8906475901603699
-0.9619976878166199
-0.6399775147438049
-0.13341259956359863
-1.0014214515686035
-1.3930608034133911
-0.7483933568000793
-0.5424758791923523
-2.2147679328918457
-1.1383395195007324
-1.0225870609283447
-1.8078234195709229
0.18110188841819763
-1.123378872871399
-2.0890138149261475
-1.447270393371582
-0.11854539811611176
0.6698436737060547
0.41811317205429077
0.19799856841564178
-0.4950699210166931
-0.425383597612381
0.700558602809906
0.6807379126548767
-0.3761886954307556
-0.4132291078567505
0.2076656073331833
0.17976094782352448
0.31285566091537476
0.7762015461921692
0.38671019673347473
0.925747811794281
-0.5295990109443665
-0.42739182710647583
-0.4731631875038147
0.3839937448501587
-0.7576636075973511
0.3754204511642456
-1.4230533838272095
-1.2755818367004395
0.10938345640897751
-2.070704698562622
0.7146024107933044
-1.6298998594284058
0.3423305153846741
0.37397801876068115
0.037065550684928894
-0.22245241701602936
-0.02429448626935482
0.7256261706352234
-1.1870801448822021
0.9459582567214966
-1.2344647645950317
0.9559159874916077
1.0856215953826904
1.451890468597412
1.7401400804519653
0.99933260679245
0.10436677187681198
0.9941043257713318
0.06342796236276627
0.48566603660583496
-3.065232038497925
-3.046095609664917
-2.7660186290740967
-0.5747851729393005
-1.7796298265457153
-2.0400402545928955
-1.5848077535629272
-2.0491862297058105
0.4810873866081238
0.5982900857925415
-3.157517671585083
-1.7387639284133911
0.13532249629497528
-2.7252275943756104
0.06945602595806122
1.1509994268417358
1.0784751176834106
1.410438895225525
1.0954176187515259
-0.4373847246170044
0.77737957239151
-0.19503569602966309
0.980353057384491
-2.289832353591919
-0.048563651740550995
-1.9248830080032349
-2.142598867416382
-3.058800458908081
1.1443740129470825
0.9621627926826477
-1.3062033653259277
-2.697244167327881
0.542033314704895
-2.5948245525360107
-0.45475655794143677
0.8386470675468445
-2.2381486892700195
-0.6218621134757996
1.021858811378479
0.7613778114318848
0.5697106122970581
-0.9834704399108887
0.41502609848976135
1.099401593208313
-0.1461682766675949
-0.04812763258814812
-0.11444783955812454
0.0051356651820242405
-0.31371068954467773
-2.1306416988372803
-1.6349093914031982
-1.6334813833236694
-1.83475661277771
-1.9367314577102661
-2.5474207401275635
-2.202035427093506
-1.4710222482681274
-0.6769598126411438
-1.0164209604263306
-2.1403708457946777
0.1469661444425583
-0.5105019211769104
0.08610641211271286
0.5943227410316467
-0.5565122961997986
-1.9913928508758545
0.016684025526046753
0.8932361006736755
0.28510165214538574
-0.1140238344669342
0.7521271705627441
1.1053708791732788
1.2615538835525513
0.9990820288658142
0.7369298338890076
0.9433227181434631
1.2999683618545532
-0.4021560251712799
0.7807993292808533
1.0771955251693726
-0.26881492137908936
0.6767807602882385
0.24992786347866058
-1.2435061931610107
-1.479049563407898
-2.0127193927764893
0.9957794547080994
1.4276556968688965
1.3999342918395996
-0.5455586910247803
0.970149040222168
-1.951960563659668
-0.3815499544143677
1.6240209341049194
0.8808481097221375
1.7613071203231812
2.269819974899292
1.5589253902435303
1.9269968271255493
1.7229825258255005
0.6463252305984497
2.2392125129699707
1.6688323020935059
1.1065154075622559
1.7174235582351685
-0.6047148108482361
-2.407757520675659
-2.2849700450897217
0.27918481826782227
-1.8730567693710327
0.08791550248861313
-2.5432162284851074
-2.446978807449341
1.5797119140625
1.7774198055267334
1.7341340780258179
2.124657392501831
1.5359400510787964
1.3528505563735962
1.426176905632019
0.24232350289821625
2.4698805809020996
2.2939534187316895
-0.533785879611969
-0.6334492564201355
-1.0501643419265747
0.092106394469738
-1.1774202585220337
0.2712653577327728
-0.620823323726654
-1.6731537580490112
-0.14766328036785126
-0.07137636095285416
-2.2815165519714355
-2.5317883491516113
-2.3559961318969727
-1.0439869165420532
-0.6682619452476501
-2.4916937351226807
-2.687058210372925
0.09163528680801392
-0.6887716054916382
0.011810114607214928
0.026701858267188072
-0.3614727258682251
0.24299393594264984
0.1819002777338028
-0.694949209690094
0.580022394657135
0.27745234966278076
0.7428199648857117
0.611254870891571
0.5425814986228943
0.14715790748596191
0.3779790997505188
0.5299981236457825
0.5376436710357666
0.18072111904621124
-2.1273107528686523
-0.9605168700218201
0.46876829862594604
-0.9213756918907166
-2.474684476852417
-2.093670606613159
-0.44845718145370483
-2.3487064838409424
0.36547350883483887
0.6420612931251526
1.3878190517425537
1.0069612264633179
0.9434507489204407
1.1113821268081665
1.255273461341858
0.15080636739730835
0.8590436577796936
0.2605978846549988
0.6262826323509216
0.5564601421356201
-0.05364315211772919
-0.3430422842502594
-0.07543989270925522
0.5923119187355042
-0.0027881457936018705
0.46883612871170044
-1.7980635166168213
-0.6898729205131531
-1.5235249996185303
0.10494887828826904
-3.0627875328063965
-0.33116793632507324
-2.8279385566711426
-2.3701705932617188
-0.26577579975128174
-0.9887223839759827
-2.3890936374664307
-1.5999104976654053
-0.4384385943412781
-0.4029671847820282
-1.2322889566421509
-0.5880614519119263
-3.127922296524048
-1.9632779359817505
-0.08519264310598373
0.3449770510196686
0.1290685385465622
-0.5438321232795715
1.477566123008728
1.426723599433899
1.4965823888778687
1.3907177448272705
1.2140363454818726
0.983782947063446
1.0474878549575806
1.3734740018844604
0.8664732575416565
-1.0504013299942017
-1.0296355485916138
1.1489605903625488
-1.1388105154037476
0.5330174565315247
-1.6205064058303833
-2.0252745151519775
-0.11033945530653
0.9048987030982971
1.1683518886566162
-1.7892407178878784
0.9982230067253113
0.8922683596611023
1.147183895111084
0.6526578664779663
1.1483814716339111
1.306855320930481
1.0407689809799194
0.6548261046409607
-0.43062108755111694
0.07113008201122284
0.4391266703605652
0.19760583341121674
0.4449407756328583
0.35266926884651184
-0.8972381949424744
-0.2692646384239197
0.06094960868358612
-0.9223499894142151
-2.436861753463745
-0.34155482053756714
-1.8152451515197754
-1.9535257816314697
-0.07901131361722946
-1.1882590055465698
0.24810479581356049
0.3450704514980316
0.5307634472846985
-0.19674052298069
-0.029666079208254814
-0.8448810577392578
1.1831291913986206
0.7599981427192688
0.6243124604225159
0.3426571786403656
-0.20852993428707123
-0.12310124188661575
0.2271644026041031
1.467213749885559
-0.5382450222969055
0.8602151870727539
-0.5069780945777893
-0.4279347062110901
-0.13667358458042145
0.29861488938331604
-0.26364853978157043
0.03975215554237366
-1.8801642656326294
-1.2713874578475952
-0.1449722796678543
-2.65246844291687
-2.982473850250244
0.0638517215847969
0.09832314401865005
0.10214657336473465
-0.1963835209608078
0.025465240702033043
-0.03344917669892311
1.1009875535964966
0.36066317558288574
0.750883936882019
0.1363583356142044
1.1605994701385498
0.8784863352775574
0.8849029541015625
0.76679527759552
1.3257253170013428
-0.2863011360168457
1.0015674829483032
1.1736961603164673
-2.474088430404663
0.347293496131897
-2.5131185054779053
0.20057134330272675
-0.26926189661026
-1.7041748762130737
0.6851659417152405
-0.5025428533554077
0.7969806790351868
-2.1683003902435303
0.9675411581993103
1.195507526397705
1.6354633569717407
0.03691226243972778
1.1825793981552124
1.3314183950424194
1.0689975023269653
1.2601468563079834
0.755947470664978
0.3673458695411682
0.5251128077507019
1.0524048805236816
1.3144479990005493
-0.15472139418125153
0.220796599984169
-0.9820241332054138
-0.09866412729024887
-0.8182711005210876
-1.2819615602493286
-0.4980553984642029
-1.9737802743911743
-1.1675065755844116
0.04596177488565445
-1.2859883308410645
-2.1144182682037354
0.7474273443222046
-0.41015803813934326
0.0931103527545929
0.21390783786773682
-0.007214181125164032
1.2935106754302979
0.6222691535949707
0.9135996699333191
1.2941213846206665
-0.3206976652145386
0.6888607144355774
1.191689133644104
-0.19682803750038147
1.1343780755996704
0.8719698190689087
0.9474440217018127
-1.7462152242660522
0.4079597294330597
-1.636945128440857
-0.39625710248947144
-2.95568585395813
0.12637081742286682
-1.8558729887008667
-2.607337474822998
-1.2170127630233765
-1.6750558614730835
-0.091905377805233
-1.2487810850143433
0.1720503270626068
-1.191643476486206
0.04382121562957764
-2.2851221561431885
0.4360247850418091
0.6785756945610046
1.0753511190414429
1.198278546333313
-0.4681822657585144
0.10566719621419907
0.4582202434539795
0.4812086224555969
-0.8010073304176331
-1.3015319108963013
0.5205734372138977
-0.5348744988441467
0.42414236068725586
-1.5596494674682617
-2.2864511013031006
-2.851503849029541
-3.0572502613067627
-0.7183087468147278
-1.1506117582321167
-2.224517583847046
-0.669499397277832
-1.810146689414978
-0.45420441031455994
-1.1648398637771606
-0.7943036556243896
-2.9252853393554688
-2.8545994758605957
-0.11511855572462082
-1.7748796939849854
0.4725308418273926
-0.442972868680954
-0.05760471522808075
-0.2546970546245575
-1.634080410003662
-0.7144522666931152
-0.587578535079956
-0.051622264087200165
-1.3051644563674927
-0.7951681017875671
-2.1305058002471924
-1.3171577453613281
-2.337583303451538
-3.004124402999878
-2.2581236362457275
-2.5153207778930664
-1.98972487449646
-2.9491629600524902
-2.9058990478515625
-2.8860244750976562
-2.511920928955078
-2.4948537349700928
-0.8498980402946472
-3.060210943222046
-0.6048982739448547
-0.9894518256187439
-3.2356483936309814
-0.3275371491909027
-0.7209486961364746
0.9199953675270081
0.2686138451099396
0.604114830493927
1.6865144968032837
-0.25921884179115295
0.7129579782485962
-0.5746724009513855
-1.6610610485076904
0.39497825503349304
1.241912841796875
-3.01708984375
-0.9335002899169922
-1.884177803993225
1.1897226572036743
0.9384822249412537
-2.5673916339874268
1.2976940870285034
-2.7533795833587646
0.9942917227745056
1.0476309061050415
1.1040282249450684
0.5610749125480652
1.7927998304367065
1.9921987056732178
1.3714848756790161
1.402284860610962
0.5459372401237488
0.5918663144111633
0.34420743584632874
0.7850955128669739
0.22563430666923523
0.44132429361343384
-0.019305650144815445
0.49764639139175415
0.7710337042808533
-0.13627848029136658
-0.46416738629341125
-1.7637897729873657
-1.2624315023422241
-0.02657015062868595
0.4517041742801666
-1.01821768283844
-0.9723030924797058
-0.6322181820869446
-0.2740538716316223
0.6119467616081238
-2.342170476913452
-1.1550098657608032
-0.2449650913476944
-0.4981447160243988
0.999378502368927
0.17682702839374542
-0.08181459456682205
1.4138965606689453
0.5776209831237793
0.15231113135814667
1.0075069665908813
0.9246729016304016
1.4873396158218384
0.3657969832420349
-0.05484422296285629
-0.5061467289924622
-2.9671223163604736
0.32698559761047363
-2.6484456062316895
-2.3870699405670166
-0.7529956698417664
-1.5792080163955688
-1.4137033224105835
-2.3001437187194824
-2.115112066268921
-0.03851854056119919
-0.027482496574521065
-0.9153784513473511
-0.7524060010910034
0.45691099762916565
0.2122085839509964
0.684714674949646
0.28410792350769043
0.8098140358924866
1.4783047437667847
1.8069266080856323
1.637595295906067
1.7514864206314087
1.4511992931365967
1.0799646377563477
-0.10302034765481949
0.3125203847885132
-0.8926756978034973
-2.2298386096954346
-0.3409116268157959
-2.058450698852539
-2.540431261062622
-1.1340829133987427
-2.285412073135376
-2.6042392253875732
-2.743598461151123
-1.121777057647705
-1.4862772226333618
0.3552893400192261
-1.186963677406311
-0.8188028931617737
0.3072272539138794
-0.025205649435520172
-0.1807233840227127
-0.13204525411128998
0.11881101876497269
0.9497475624084473
0.0471404567360878
1.2465523481369019
0.4183528423309326
0.7905851602554321
0.2711162269115448
-0.7108125686645508
-0.2593231797218323
-1.8393057584762573
-2.4016826152801514
0.8878669142723083
-1.3540549278259277
0.23151375353336334
-1.4488431215286255
0.6440901160240173
-2.328134775161743
0.8781388401985168
0.8465592861175537
-2.469639539718628
0.5879729986190796
0.625785768032074
0.40493571758270264
0.14007973670959473
1.043230652809143
0.9375514984130859
1.379496455192566
1.6338186264038086
1.2754101753234863
1.4643620252609253
1.3868259191513062
1.491817831993103
1.6645126342773438
-0.4925459623336792
0.9980428814888
1.3695158958435059
1.1866775751113892
-2.8497824668884277
-2.571329355239868
-2.0596678256988525
-0.9489409327507019
1.2463533878326416
-2.524488687515259
-1.5427316427230835
0.8559839129447937
0.5436988472938538
0.7828226089477539
-0.4016311466693878
0.8937476277351379
0.10730131715536118
1.2452614307403564
1.3519059419631958
1.5757476091384888
1.2244340181350708
-1.2341450452804565
-0.9297934174537659
-0.32216334342956543
0.527711808681488
-0.5065051913261414
-1.220916748046875
-1.1378463506698608
-1.48836350440979
-0.7376388311386108
-0.5657157301902771
-2.7059037685394287
-2.092273473739624
-0.3159863352775574
-2.218261957168579
-2.1298959255218506
-0.3173760771751404
-0.025433523580431938
0.22685585916042328
-0.5361617207527161
-0.5135376453399658
-0.9348981976509094
0.9116871953010559
-0.8749783039093018
-0.6415380835533142
-0.9671082496643066
-0.8792808055877686
0.778076708316803
0.9683356285095215
-0.24225233495235443
0.6330632567405701
0.517743706703186
-0.5065737366676331
0.6466113924980164
0.20288999378681183
0.5616366863250732
-0.9905697107315063
-1.3958967924118042
-0.11944237351417542
-0.6164856553077698
0.6336148977279663
-2.1531131267547607
-1.337639570236206
-2.4061222076416016
0.9325083494186401
0.6966926455497742
0.7846056818962097
0.4068957567214966
0.4005345106124878
-1.5780847072601318
-0.2235819548368454
1.1520743370056152
0.8260636925697327
0.6380444169044495
1.665993094444275
1.8569611310958862
1.6022528409957886
1.8579812049865723
0.9868919253349304
0.6259110569953918
1.4362229108810425
1.0603731870651245
1.7859450578689575
1.5913411378860474
-1.350450038909912
-1.7768765687942505
-2.403339147567749
-1.2430299520492554
0.649311900138855
1.5017560720443726
-1.9977372884750366
1.5759824514389038
1.4279065132141113
1.1269234418869019
1.7143663167953491
1.9465720653533936
-0.4783237874507904
0.38878536224365234
1.1542757749557495
1.5466822385787964
0.020018046721816063
1.2955169677734375
1.4582595825195312
1.4464839696884155
-0.1505608707666397
1.628665804862976
0.44477617740631104
-0.10939810425043106
0.9933122992515564
1.4124552011489868
-2.794872522354126
-3.1345880031585693
1.0293234586715698
-0.519673764705658
0.6221255660057068
-1.6460515260696411
-1.46529221534729
-1.9605445861816406
0.10595973581075668
0.6674489378929138
0.7974371314048767
1.5237395763397217
-1.917528510093689
1.3075369596481323
1.1516534090042114
1.4845116138458252
1.653681755065918
0.9601209759712219
