-4.117761611938477
-3.5458824634552
-2.659193992614746
-2.682379961013794
-2.78885817527771
-2.518749475479126
-2.4071667194366455
-2.366579532623291
-2.1602702140808105
-2.1538150310516357
-1.7107874155044556
-1.589761734008789
-1.424686312675476
-1.3850339651107788
-1.3904385566711426
-1.5004255771636963
-1.5033156871795654
-1.1637823581695557
-1.1754094362258911
-1.1296595335006714
-1.004180908203125
-1.071778416633606
-1.1117926836013794
-0.9522465467453003
-0.9465781450271606
-0.9002341628074646
-0.906395435333252
-0.8594661951065063
-0.9072893261909485
-0.8112711906433105
-0.8066468834877014
-0.8782857656478882
-0.7598568797111511
-0.8310245871543884
-0.7167522311210632
-0.6038673520088196
-0.6694022417068481
-0.6160910725593567
-0.47424694895744324
-0.5281684398651123
-0.5037878155708313
-0.5920553803443909
-0.523601770401001
-0.4914415180683136
-0.4274562895298004
-0.5387998223304749
-0.4141952693462372
-0.4114653170108795
-0.3074251711368561
-0.33961308002471924
-0.35032668709754944
-0.3650064170360565
-0.32130202651023865
-0.27164512872695923
-0.26081520318984985
-0.20134852826595306
-0.06436284631490707
-0.3639499843120575
-0.21066461503505707
0.01999562978744507
-0.14868499338626862
-0.07156705111265182
-0.08951330929994583
-0.10172571241855621
0.005366976838558912
0.02274109236896038
-0.0015924100298434496
0.04001972824335098
0.09462466090917587
0.1749030202627182
0.35801443457603455
0.1482824981212616
0.16069695353507996
0.19209980964660645
0.20314708352088928
0.3300555348396301
0.27503371238708496
0.3435600697994232
0.44947054982185364
0.36387431621551514
0.3304833471775055
0.5751968622207642
0.5788204073905945
0.6936389207839966
0.5183397531509399
0.6039305329322815
0.5817460417747498
0.6725233197212219
0.6750078201293945
0.6260701417922974
0.661373496055603
0.7008602619171143
0.7785677313804626
0.7395921945571899
0.8030527830123901
0.7864997386932373
0.7909532785415649
0.8086259365081787
1.2014774084091187
1.078238606452942
1.1650058031082153
1.1463896036148071
1.2171045541763306
1.2601982355117798
1.2297461032867432
1.2501674890518188
1.272750973701477
1.3248132467269897
1.4050079584121704
1.4199069738388062
1.7143597602844238
1.6632269620895386
1.7669891119003296
1.5647895336151123
1.703096866607666
1.9315589666366577
2.129411220550537
2.3044018745422363
2.324035167694092
2.442586660385132
3.2823641300201416
3.564145565032959
4.140722751617432
4.492215156555176
-3.256930112838745
-2.796969413757324
-2.822622776031494
-1.8075850009918213
-1.550618052482605
-1.3245010375976562
-1.2878987789154053
-1.225797176361084
-1.1663016080856323
-1.0763300657272339
-1.0720714330673218
-0.9871963262557983
-0.9508084058761597
-0.8626291751861572
-0.9660012125968933
-0.759697437286377
-0.5433171391487122
-0.4361116290092468
-0.45418640971183777
-0.39772987365722656
-0.2926107943058014
-0.14224010705947876
-0.15075719356536865
0.021159525960683823
0.016673777252435684
0.009052697569131851
-0.011377626098692417
0.07022744417190552
0.11119822412729263
0.2004256546497345
0.24322590231895447
0.23058681190013885
0.27633923292160034
0.3340913653373718
0.4858226776123047
0.5877604484558105
0.8113166689872742
0.8635473847389221
0.8955815434455872
1.1158777475357056
1.1376503705978394
1.2800498008728027
1.7549220323562622
1.8678172826766968
1.8742656707763672
2.10593318939209
2.216238260269165
2.341500997543335
2.484320878982544
3.0067036151885986
-4.971275806427002
-3.812472343444824
-3.7292122840881348
-3.544407844543457
-3.5940213203430176
-3.4122822284698486
-3.1882565021514893
-3.1429717540740967
-2.6367347240448
-2.595041275024414
-1.559370756149292
-1.7785359621047974
-1.8415583372116089
-1.6137994527816772
-1.377020239830017
-1.3942524194717407
-1.250241994857788
-1.2274043560028076
-1.2014516592025757
-1.0849781036376953
-0.9870899319648743
-0.9559528231620789
-0.9260171055793762
-0.9443208575248718
-0.8667427897453308
-0.895751416683197
-0.8048843145370483
-0.7573418617248535
-0.7868096828460693
-0.7030261754989624
-0.7429624795913696
-0.60927414894104
-0.4295468330383301
-0.7311285734176636
-0.589185357093811
-0.5242385268211365
-0.4779103398323059
-0.4196372628211975
-0.3857579827308655
-0.3117091655731201
-0.3689859211444855
-0.29614946246147156
-0.27627626061439514
-0.2920377850532532
-0.18629607558250427
-0.17149828374385834
-0.253539115190506
-0.2164691835641861
-0.22794020175933838
-0.2634662091732025
-0.2262313812971115
-0.17762459814548492
-0.14503714442253113
-0.1391531527042389
-0.1562298685312271
-0.11373501271009445
-0.10818905383348465
-0.0705859512090683
-0.12154245376586914
0.029111487790942192
0.04784679785370827
0.07679318636655807
0.08698585629463196
0.24647992849349976
0.2068985253572464
0.2506978511810303
0.4035568833351135
0.27552828192710876
0.47858595848083496
0.33315274119377136
0.23930297791957855
0.331356018781662
0.4621584117412567
0.393372118473053
0.4108413755893707
0.4701843559741974
0.5230153799057007
0.4824639856815338
0.5855333209037781
0.5992345809936523
0.658016562461853
0.5678967833518982
0.6771885752677917
0.4610133469104767
0.7368871569633484
0.7430044412612915
0.90372234582901
0.7612751126289368
0.8031426072120667
0.8357470631599426
0.7408908605575562
0.8564875721931458
0.8729276061058044
0.922561526298523
0.9350383281707764
1.0627089738845825
1.0380280017852783
1.0834420919418335
1.049707055091858
1.1458749771118164
1.1808645725250244
1.40224027633667
1.2849065065383911
1.2833410501480103
1.3441380262374878
1.2223161458969116
1.3000532388687134
1.3264483213424683
1.4786654710769653
1.3894155025482178
1.566831350326538
1.5040041208267212
1.6641236543655396
1.6485257148742676
1.7002031803131104
1.5346587896347046
1.7603943347930908
1.8401919603347778
2.0174672603607178
2.132049560546875
2.255702257156372
2.1086432933807373
2.565434455871582
2.08992862701416
3.226355791091919
-5.687482833862305
-4.405114650726318
-3.722445487976074
-3.093193769454956
-2.6037936210632324
-1.9489349126815796
-1.8340710401535034
-1.831668496131897
-1.6811798810958862
-1.567292332649231
-1.4803216457366943
-1.3887864351272583
-1.2186591625213623
-1.0284302234649658
-0.969121515750885
-0.9580222964286804
-0.9068570733070374
-0.8932455778121948
-0.7188828587532043
-0.8655701875686646
-0.87834632396698
-0.8011895418167114
-0.8349236845970154
-0.7546640038490295
-0.7111933827400208
-0.7183221578598022
-0.7581077814102173
-0.6429032683372498
-0.6382876038551331
-0.5443174839019775
-0.5265193581581116
-0.46036210656166077
-0.3245704770088196
-0.31243646144866943
-0.3245900571346283
-0.22908172011375427
-0.26864364743232727
-0.15074190497398376
-0.16215330362319946
-0.123841792345047
-0.027929961681365967
-0.07423778623342514
0.050728246569633484
0.137518510222435
0.11385154724121094
0.11776029318571091
0.19304722547531128
0.23674757778644562
0.22244741022586823
0.24694406986236572
0.25416281819343567
0.3450489938259125
0.33448466658592224
0.3981696367263794
0.378542959690094
0.370719313621521
0.45759737491607666
0.4663941562175751
0.5287563800811768
0.5428895950317383
0.539981484413147
0.5341841578483582
0.6412672400474548
0.6077215075492859
0.6186949014663696
0.7187241911888123
0.7190343737602234
0.7104368209838867
0.7585695385932922
0.7882046699523926
0.9118602275848389
0.8190771341323853
0.9147490859031677
1.008473515510559
1.004306435585022
1.1053630113601685
1.14534592628479
1.1763311624526978
1.1220426559448242
1.326513648033142
1.2282700538635254
1.4320873022079468
1.4776948690414429
1.422106146812439
1.4855455160140991
1.5216127634048462
1.707720160484314
1.884817123413086
1.9034942388534546
2.0865063667297363
2.1268093585968018
2.457796573638916
2.6351072788238525
3.1341779232025146
-3.99466872215271
-3.0347046852111816
-2.698276996612549
-2.570641040802002
-2.253129720687866
-2.2147738933563232
-2.008157730102539
-1.982411503791809
-1.9274166822433472
-1.7894976139068604
-1.7141717672348022
-1.71415376663208
-1.7123607397079468
-1.659940481185913
-1.5656555891036987
-1.496860384941101
-1.402198076248169
-1.2758901119232178
-1.1942827701568604
-1.108986258506775
-1.026930570602417
-0.9493483304977417
-1.0448352098464966
-0.6885510683059692
-0.6302456855773926
-0.5363465547561646
-0.4807124435901642
-0.5236318111419678
-0.4899516999721527
-0.441672146320343
-0.45131975412368774
-0.5471394658088684
-0.34990832209587097
-0.39579319953918457
-0.31419289112091064
-0.24702541530132294
-0.24722568690776825
-0.13194914162158966
-0.01147293858230114
-0.023756390437483788
-0.01361402589827776
0.012653408572077751
0.13589537143707275
0.05150716379284859
0.11794465780258179
0.2123299539089203
0.20323969423770905
0.12339641898870468
0.33582282066345215
0.3442782759666443
0.35746902227401733
0.43400517106056213
0.4069957435131073
0.3977850675582886
0.46228039264678955
0.47264617681503296
0.5060852766036987
0.5348779559135437
0.48584073781967163
0.5625223517417908
0.5587500929832458
0.5463171601295471
0.5768004059791565
0.7676499485969543
0.9218379259109497
0.9597051739692688
0.9647848606109619
1.0372824668884277
1.0534697771072388
1.2997933626174927
1.3541823625564575
1.3433901071548462
1.4491775035858154
1.4983712434768677
1.4850692749023438
1.5711668729782104
1.6117756366729736
1.83059561252594
1.9087375402450562
2.016401767730713
2.144230842590332
2.1594462394714355
2.372622013092041
2.625734329223633
2.8698105812072754
2.8105409145355225
2.9685816764831543
-3.7128703594207764
-2.847348928451538
-2.6635119915008545
-2.582869052886963
-2.060504198074341
-2.285228729248047
-2.0170469284057617
-1.8824915885925293
-1.9481136798858643
-1.8135569095611572
-1.8203988075256348
-1.689311146736145
-1.6823151111602783
-1.634141445159912
-1.5007494688034058
-1.2472903728485107
-1.2737258672714233
-1.082983136177063
-1.2068350315093994
-1.0410094261169434
-1.019274115562439
-0.9384415149688721
-0.9088171720504761
-1.0220757722854614
-0.919828474521637
-0.7574751973152161
-0.7423699498176575
-0.9926983714103699
-0.7270817756652832
-0.8367728590965271
-0.6396459341049194
-0.6952916979789734
-0.719735324382782
-0.702447772026062
-0.6045741438865662
-0.6319310069084167
-0.5377589464187622
-0.4597163200378418
-0.48502856492996216
-0.48477381467819214
-0.48344069719314575
-0.4677325189113617
-0.44197145104408264
-0.3966221809387207
-0.25246626138687134
-0.25501298904418945
-0.2589418888092041
-0.2773897647857666
-0.18193747103214264
-0.16671614348888397
-0.12922777235507965
0.0033926740288734436
0.029988868162035942
-0.031030405312776566
0.05253276973962784
0.07711553573608398
0.2816157639026642
0.18620191514492035
0.30001920461654663
0.15033429861068726
0.27552834153175354
0.2809489071369171
0.3697437644004822
0.376274973154068
0.4151431620121002
0.3766384422779083
0.4693913757801056
0.44453534483909607
0.5048713088035583
0.4400857388973236
0.5405650734901428
0.6190685629844666
0.6099146008491516
0.708149254322052
0.6826692819595337
0.7658507227897644
0.8027915954589844
0.7889459729194641
0.908880352973938
0.9573526978492737
1.0779144763946533
1.1256507635116577
1.1683323383331299
1.374300241470337
1.4962091445922852
1.4478681087493896
1.5491197109222412
1.5687646865844727
1.572348952293396
1.5994315147399902
1.759271264076233
1.9033340215682983
2.0499374866485596
2.0972540378570557
2.0794060230255127
2.171832323074341
2.1734328269958496
2.3835878372192383
2.3773581981658936
2.7463152408599854
3.5569636821746826
4.4633469581604
-4.171098232269287
-3.993638277053833
-3.7004342079162598
-3.4364404678344727
-2.880150318145752
-2.5586161613464355
-2.249243974685669
-2.265143394470215
-2.2161760330200195
-2.14534068107605
-2.0492541790008545
-2.0094871520996094
-1.9433646202087402
-1.9386683702468872
-1.761044979095459
-1.747300386428833
-1.6802223920822144
-1.58741295337677
-1.4477086067199707
-1.384158968925476
-1.141836404800415
-1.163077712059021
-1.142547369003296
-1.012863039970398
-0.8133199214935303
-0.7497923374176025
-0.6630800366401672
-0.7435978055000305
-0.7233219146728516
-0.6793745756149292
-0.6225171089172363
-0.6289034485816956
-0.5795327425003052
-0.5516037940979004
-0.591454029083252
-0.44491714239120483
-0.4421190023422241
-0.4816019535064697
-0.41830506920814514
-0.37247028946876526
-0.4075872004032135
-0.3389779031276703
-0.33979862928390503
-0.32728585600852966
-0.2694947421550751
-0.2818245589733124
-0.28838714957237244
-0.217408686876297
-0.24341097474098206
-0.20546181499958038
-0.23482534289360046
-0.2157481163740158
-0.266172856092453
-0.45092877745628357
-0.15446631610393524
-0.3617258667945862
-0.17211417853832245
-0.1525314599275589
-0.20176288485527039
-0.06340793520212173
0.019196821376681328
0.012182949110865593
0.05638790875673294
0.012757754884660244
0.0602034293115139
0.08892180025577545
0.17388932406902313
0.19218789041042328
0.16071686148643494
0.16738437116146088
0.15341094136238098
0.24534881114959717
0.2525467574596405
0.2714965045452118
0.2533796727657318
0.2183341234922409
0.12103456258773804
0.2935692071914673
0.32124385237693787
0.28646349906921387
0.2425251007080078
0.4294949769973755
0.39686089754104614
0.513319730758667
0.48938947916030884
0.3617916703224182
0.5805096626281738
0.5823635458946228
0.6735988855361938
0.7857315540313721
1.0551615953445435
0.9792157411575317
1.038913607597351
1.024295687675476
0.9545848369598389
1.116454839706421
1.1794992685317993
1.1121585369110107
1.2076728343963623
1.1568512916564941
1.2032239437103271
1.1739025115966797
1.1535228490829468
1.282191514968872
1.2375457286834717
1.3688185214996338
1.4246758222579956
1.4241223335266113
1.4623295068740845
1.4703038930892944
1.392147421836853
1.5674501657485962
1.5175021886825562
1.5812668800354004
1.7877380847930908
1.883476734161377
1.8426316976547241
2.1490933895111084
2.2370376586914062
2.227182626724243
2.948176860809326
3.068296194076538
2.7429726123809814
3.4648358821868896
3.4729652404785156
-3.9598352909088135
-3.197019100189209
-3.1416385173797607
-2.9763596057891846
-2.917174816131592
-2.8870253562927246
-2.7226829528808594
-2.6261649131774902
-2.3936927318573
-2.062351703643799
-1.9614578485488892
-1.8745958805084229
-1.8492710590362549
-1.6608567237854004
-1.5103765726089478
-1.2498615980148315
-1.2362112998962402
-1.1231101751327515
-1.166342854499817
-1.0981396436691284
-1.1209806203842163
-1.0071024894714355
-1.026017665863037
-0.9649248719215393
-0.9376967549324036
-0.9159517884254456
-0.9326379895210266
-0.9224169254302979
-0.6456601619720459
-0.6467995643615723
-0.6594792604446411
-0.6014817357063293
-0.6390061378479004
-0.5572383999824524
-0.4311811029911041
-0.4096490740776062
-0.40552082657814026
-0.24977782368659973
-0.25853806734085083
-0.2830636501312256
-0.24931180477142334
-0.2448616474866867
-0.20036597549915314
-0.18002498149871826
-0.13735134899616241
-0.1988213211297989
-0.15353021025657654
-0.19437693059444427
-0.17027547955513
-0.07958100736141205
-0.041479259729385376
-0.045668501406908035
-0.008336611092090607
-0.025844400748610497
-0.02944665215909481
-0.03300363942980766
0.009174233302474022
0.005879459902644157
0.22137045860290527
0.09146171063184738
0.05239593982696533
0.057972438633441925
0.07175299525260925
0.1494234949350357
0.08974029123783112
0.08490996062755585
0.13993717730045319
0.15369106829166412
0.13422712683677673
0.18715108931064606
0.26951953768730164
0.33465656638145447
0.290580153465271
0.36943307518959045
0.37382611632347107
0.5079999566078186
0.4555828869342804
0.36278170347213745
0.5987321138381958
0.4964727461338043
0.6609801054000854
0.678802490234375
0.7813736796379089
0.8112607598304749
0.6885955333709717
0.7913259863853455
1.0229417085647583
1.0286681652069092
1.0689159631729126
1.079319953918457
1.1386115550994873
1.2622427940368652
1.3172719478607178
1.406665563583374
1.3744566440582275
1.4090690612792969
1.501926302909851
1.619430661201477
1.7197020053863525
1.7988264560699463
1.9214218854904175
2.045804500579834
2.2306933403015137
2.3109772205352783
2.3360137939453125
2.4420199394226074
2.53257155418396
2.3388755321502686
3.0073087215423584
3.242499351501465
3.132025957107544
3.0123021602630615
-4.472807884216309
-4.519877910614014
-3.0498263835906982
-2.9957821369171143
-2.680476188659668
-2.827843427658081
-2.6368253231048584
-2.660126209259033
-2.5567221641540527
-2.4952099323272705
-1.9289741516113281
-1.647310733795166
-1.4980320930480957
-1.4262402057647705
-1.32782781124115
-1.3137751817703247
-1.3085651397705078
-1.1429946422576904
-1.0804176330566406
-0.9784271717071533
-0.9652065634727478
-0.9331480264663696
-0.8529819846153259
-0.6535669565200806
-0.7381123900413513
-0.6354517340660095
-0.6103286147117615
-0.615941047668457
-0.6402863264083862
-0.5933403968811035
-0.5933137536048889
-0.5541301965713501
-0.5898648500442505
-0.5364338159561157
-0.5138208270072937
-0.4864354729652405
-0.45778951048851013
-0.14094994962215424
-0.4190663695335388
-0.38292479515075684
-0.3779793977737427
-0.4012254476547241
-0.27887967228889465
-0.2741471827030182
-0.35421332716941833
-0.33818885684013367
-0.2409992516040802
-0.2779754102230072
-0.17882777750492096
-0.18937619030475616
-0.1971057802438736
-0.17898842692375183
-0.09288717061281204
-0.11996151506900787
-0.07432398945093155
-0.10499005764722824
0.013926969841122627
0.038172490894794464
0.0890592634677887
0.09567353874444962
0.1373300403356552
0.1501859575510025
0.2133380025625229
0.11868103593587875
0.18329334259033203
0.15547889471054077
0.24025213718414307
0.29693272709846497
0.31461262702941895
0.4068169891834259
0.3658093512058258
0.4901818335056305
0.42921754717826843
0.4543662667274475
0.4635588824748993
0.47696417570114136
0.4061640501022339
0.3709591031074524
0.5159894227981567
0.6384782791137695
0.6484711170196533
0.6256714463233948
0.6673111319541931
0.7884182333946228
0.8440015316009521
0.8271819353103638
0.8373913168907166
0.8233195543289185
1.044634461402893
0.994223952293396
0.9965181350708008
1.1942040920257568
1.2886886596679688
1.4416502714157104
1.433608055114746
1.525032639503479
1.550458550453186
1.5770565271377563
1.6095486879348755
1.5684213638305664
1.6385934352874756
1.5808322429656982
1.6536176204681396
1.670851230621338
1.6092230081558228
1.9121931791305542
1.9925237894058228
1.8283261060714722
2.1786603927612305
2.4043161869049072
2.720414161682129
3.0707366466522217
2.9934399127960205
3.536242723464966
-4.9257049560546875
-4.463648796081543
-3.7054214477539062
-3.5693392753601074
-3.0600593090057373
-3.002957582473755
-2.875502109527588
-2.382124185562134
-2.170032262802124
-2.0157382488250732
-2.0169692039489746
-1.685874342918396
-1.653848648071289
-1.128754734992981
-0.9484293460845947
-0.9594648480415344
-0.9367091059684753
-0.8564444184303284
-1.6426801681518555
-0.7618826627731323
-0.8170201778411865
-0.7540399432182312
-0.769885241985321
-0.7489671111106873
-0.704749584197998
-0.7077072262763977
-0.6861311793327332
-0.6118009090423584
-0.5509182810783386
-0.547106146812439
-0.5545392632484436
-0.5398132801055908
-0.3957913815975189
-0.43348631262779236
-0.6554999351501465
-0.38066354393959045
-0.3527897000312805
-0.3447285294532776
-0.26817646622657776
-0.29710739850997925
-0.21680767834186554
-0.2724958062171936
-0.2547625005245209
-0.24292819201946259
-0.20561620593070984
-0.13483312726020813
-0.13890600204467773
-0.1528485268354416
-0.10759775340557098
-0.1067277118563652
-0.030241195112466812
-0.3480830788612366
-0.0010947060072794557
0.06565124541521072
0.07463566213846207
0.180262491106987
0.16170577704906464
0.09231793135404587
0.19641023874282837
0.24942506849765778
0.238907128572464
0.11599449813365936
0.24714338779449463
0.24013711512088776
0.28997573256492615
0.34537991881370544
0.3075720965862274
0.5779169797897339
0.3613320589065552
0.4463382363319397
0.5014244318008423
0.48845145106315613
0.5530831813812256
0.5551279783248901
0.5405982136726379
0.6224870681762695
0.6826582551002502
0.7452607750892639
0.3900144398212433
0.7349809408187866
0.7416566014289856
0.7769789695739746
0.8128336071968079
0.8535873293876648
0.8738398551940918
0.8160131573677063
0.9408622980117798
0.9399991035461426
0.978416383266449
1.0458004474639893
1.0341204404830933
1.0308477878570557
1.0875030755996704
1.1531505584716797
1.180789589881897
1.2202154397964478
1.2221659421920776
1.3795162439346313
1.3633517026901245
1.567144751548767
1.3435394763946533
1.5842809677124023
1.561083436012268
1.6869175434112549
1.9887325763702393
2.2759079933166504
2.386752128601074
2.4312760829925537
2.6626124382019043
2.954526901245117
3.099785327911377
3.0960488319396973
-3.06141996383667
-2.8517801761627197
-3.0903427600860596
-2.564954996109009
-2.3864262104034424
-2.4738521575927734
-2.3777785301208496
-2.3221628665924072
-2.04905366897583
-1.9171476364135742
-1.715984582901001
-1.791526198387146
-1.6795207262039185
-1.6211013793945312
-1.6942614316940308
-1.5688401460647583
-1.8454437255859375
-1.5524979829788208
-1.3899327516555786
-1.3333775997161865
-1.2222058773040771
-1.396923542022705
-1.1468766927719116
-1.279768943786621
-1.0588178634643555
-1.096920371055603
-1.1829373836517334
-1.1357007026672363
-1.0943161249160767
-0.9605242013931274
-1.135346531867981
-1.071465015411377
-0.7620376944541931
-0.7091860175132751
-0.5852810144424438
-0.6142331957817078
-0.5856944918632507
-0.5355557799339294
-0.6128465533256531
-0.7007144689559937
-0.5443947911262512
-0.53840571641922
-0.6194363236427307
-0.4753715991973877
-0.4322117865085602
-0.4246496260166168
-0.3736923038959503
-0.45258864760398865
-0.37018883228302
-0.45806533098220825
-0.31438881158828735
-0.25348109006881714
-0.3100442886352539
-0.25238609313964844
-0.29678353667259216
-0.19278691709041595
-0.16115403175354004
-0.09473448991775513
-0.023200398311018944
-0.11138167232275009
-0.040458109229803085
0.27459630370140076
0.011428078636527061
0.06279511749744415
0.07782617956399918
0.1863296926021576
0.2118045538663864
0.22250621020793915
0.16416163742542267
0.5017812848091125
0.2012503296136856
0.2686850130558014
0.2609122097492218
0.26301392912864685
0.550929605960846
0.44272032380104065
0.496883749961853
0.5363526940345764
0.5678695440292358
0.6661511659622192
0.7596294283866882
0.8067798614501953
0.843402624130249
0.8553148508071899
0.8955546617507935
1.0890196561813354
1.0561283826828003
1.0682951211929321
1.0823099613189697
1.1111153364181519
0.9057146906852722
1.1424607038497925
1.3165106773376465
1.1879441738128662
1.2628874778747559
1.247132420539856
1.2681784629821777
1.3478776216506958
1.3813514709472656
1.5255156755447388
1.4298125505447388
1.523206114768982
1.4822665452957153
1.4529179334640503
1.5994824171066284
1.7288743257522583
1.655471682548523
1.827414631843567
1.965966820716858
2.0374200344085693
1.967988133430481
2.016678810119629
2.1490893363952637
2.154223918914795
2.2164549827575684
2.6772608757019043
2.9471054077148438
2.3803796768188477
3.5814266204833984
-4.266850471496582
-3.642775774002075
-3.1626036167144775
-2.1913037300109863
-2.0104446411132812
-1.6861371994018555
-1.253718614578247
-1.1576484441757202
-0.9317381978034973
-0.7030885219573975
-0.7150202989578247
-0.704606831073761
-0.6732744574546814
-0.6503582000732422
-0.6069968938827515
-0.5707985162734985
-0.46297574043273926
-0.20871247351169586
0.018217656761407852
0.048700034618377686
0.1173350065946579
0.32534658908843994
0.34549251198768616
0.3864990174770355
0.7197821736335754
0.7546545267105103
0.7810649871826172
0.8546608686447144
0.9007842540740967
0.9384191036224365
0.9493891000747681
0.9722502827644348
0.9580569267272949
1.0706002712249756
1.0827102661132812
1.0852309465408325
1.074555516242981
1.2710846662521362
1.3575921058654785
1.4128222465515137
1.419558048248291
1.5187941789627075
1.6563397645950317
1.7068957090377808
1.8722161054611206
-4.468446254730225
-3.2477991580963135
-3.8529367446899414
-2.7214627265930176
-2.5311522483825684
-2.5933728218078613
-2.398601531982422
-2.5295701026916504
-2.466977119445801
-2.2736587524414062
-1.9582545757293701
-1.8652031421661377
-1.6905972957611084
-1.6419401168823242
-1.7245346307754517
-1.3928617238998413
-1.4175307750701904
-1.4659936428070068
-1.411806583404541
-1.3412973880767822
-1.3008817434310913
-1.3368263244628906
-1.4102935791015625
-1.1150226593017578
-1.0192193984985352
-0.9669868350028992
-0.7873425483703613
-0.9015454053878784
-0.859264075756073
-0.6897032856941223
-0.6614859700202942
-0.7452611327171326
-0.7100549936294556
-0.674625039100647
-0.6402884125709534
-0.580352783203125
-0.5504292845726013
-0.5199965238571167
-0.5307892560958862
-0.47556835412979126
-0.6792317628860474
-0.5006682276725769
-0.5238792300224304
-0.5085729360580444
-0.5513310432434082
-0.5144381523132324
-0.45637208223342896
-0.38022395968437195
-0.3594497740268707
-0.31946396827697754
-0.33604469895362854
-0.28942492604255676
-0.358437180519104
-0.2603543996810913
-0.29367849230766296
-0.3296358287334442
-0.20042666792869568
0.06704477220773697
-0.21532365679740906
-0.1138080358505249
-0.13422715663909912
-0.04611121863126755
-0.1725872904062271
-0.029560325667262077
0.056017618626356125
0.06562813371419907
0.07099663466215134
0.180097758769989
0.2928586006164551
0.372379869222641
0.410176545381546
0.41030263900756836
0.403503954410553
0.661703884601593
0.6301704049110413
0.6588377952575684
0.5877052545547485
0.5889356136322021
0.6059049367904663
0.7017587423324585
0.5989373922348022
0.6831761598587036
0.750825047492981
0.7658392786979675
0.6914273500442505
0.7839354872703552
0.8148272633552551
0.829068660736084
0.8450703024864197
0.8503900766372681
0.9022520780563354
1.0232774019241333
0.9459301233291626
0.8984456658363342
0.8958761096000671
1.0260814428329468
1.0930324792861938
1.0939056873321533
1.2210487127304077
1.057107925415039
1.157204508781433
1.1423184871673584
1.2807855606079102
1.4506564140319824
1.3232280015945435
1.3357195854187012
1.3703858852386475
1.4934455156326294
1.4550520181655884
1.4373408555984497
1.5522795915603638
1.6428993940353394
1.6658120155334473
1.6850180625915527
1.6985294818878174
1.6591682434082031
1.81325101852417
1.9936414957046509
1.9345932006835938
2.0224039554595947
2.034510850906372
2.6420278549194336
2.9138731956481934
2.608597755432129
3.195964813232422
-3.332284927368164
-3.0476667881011963
-2.566822052001953
-2.5120160579681396
-2.5408809185028076
-2.288588762283325
-2.0186312198638916
-2.0646119117736816
-1.9604145288467407
-1.9138349294662476
-1.7415496110916138
-1.519057273864746
-1.4536285400390625
-1.3769030570983887
-1.4050593376159668
-1.1615521907806396
-1.1559675931930542
-1.078058123588562
-1.0161164999008179
-0.8009092211723328
-0.8295531272888184
-0.7739073038101196
-0.7506584525108337
-0.6126534938812256
-0.4917040765285492
-0.4687414765357971
-0.43837741017341614
-0.46123939752578735
-0.43183138966560364
-0.38609832525253296
-0.25529488921165466
-0.2867980897426605
-0.27194246649742126
-0.2701648771762848
-0.15706972777843475
-0.14534348249435425
-0.1822657585144043
-0.1084030494093895
-0.06631994247436523
-0.0017292130505666137
0.09726354479789734
0.12256753444671631
0.12834952771663666
0.17155909538269043
0.2720659077167511
0.31589511036872864
0.4500465989112854
0.4386158883571625
0.5028483867645264
0.5102601051330566
0.5891539454460144
0.6721422076225281
0.7245036363601685
0.7636519074440002
0.7792059183120728
0.8149306774139404
0.8774752020835876
0.9524044394493103
1.0314984321594238
0.9750714302062988
1.1393574476242065
1.1038963794708252
1.1874949932098389
1.1878433227539062
1.304804801940918
1.2526259422302246
1.4855659008026123
1.4937162399291992
1.5374864339828491
1.9075168371200562
2.109842300415039
2.174725294113159
2.2409095764160156
2.2009894847869873
2.5759947299957275
2.659146785736084
2.713489294052124
2.8797342777252197
-3.43562388420105
-3.0142159461975098
-2.7193074226379395
-2.6059134006500244
-2.2738935947418213
-2.1569061279296875
-1.9757368564605713
-1.850046157836914
-1.7763080596923828
-1.6257795095443726
-1.3790463209152222
-1.129258632659912
-0.967534065246582
-0.9618649482727051
-0.9481251239776611
-0.9052196741104126
-0.7195407748222351
-0.8444812297821045
-1.0749644041061401
-0.7560880184173584
-0.8062455654144287
-0.6241669654846191
-0.5220199227333069
-0.6106071472167969
-0.5419145226478577
-0.5826436281204224
-0.5736116766929626
-0.5430678129196167
-0.5370396375656128
-0.5061085820198059
-0.4283181130886078
-0.4250580668449402
-0.2474984973669052
-0.16000325977802277
-0.06990539282560349
-0.018199177458882332
0.03399172052741051
0.045547693967819214
0.018212759867310524
0.1449388563632965
0.41700097918510437
0.19974833726882935
0.18189126253128052
0.2482014298439026
0.13645225763320923
0.4654860198497772
0.49020859599113464
0.5306313633918762
0.55714350938797
0.35814791917800903
0.7088102698326111
0.7452158331871033
0.7275415658950806
0.896845817565918
0.9021908640861511
1.046514868736267
1.0392124652862549
1.1178789138793945
1.1317273378372192
1.1781574487686157
1.3518041372299194
1.3629924058914185
1.5039654970169067
1.5537067651748657
1.8215323686599731
1.8146342039108276
2.122634172439575
1.9259766340255737
2.1258816719055176
2.217405080795288
2.191173553466797
2.1479480266571045
2.183685302734375
2.671224594116211
