0.3521878719329834
0.07038433849811554
-0.23000144958496094
-1.3285372257232666
-0.5091899633407593
-0.25191617012023926
-0.6106703281402588
0.4433944821357727
-0.29311156272888184
-0.8837745189666748
-0.6531851291656494
-0.4428592324256897
0.39903175830841064
-0.23007801175117493
-0.1880643665790558
0.5418704748153687
-0.09257566928863525
-0.6319087743759155
0.35068798065185547
0.2435390204191208
-0.25854456424713135
-0.3311048448085785
0.1187896579504013
-1.031116247177124
0.10621265321969986
0.34430843591690063
0.08461757004261017
0.18607565760612488
-0.4359327256679535
0.13005393743515015
0.16304194927215576
0.09104616940021515
0.22498588263988495
0.3085687756538391
-1.4310760498046875
0.3878408670425415
-0.6054624319076538
0.1268228441476822
-0.1490793377161026
0.47880423069000244
-0.20834165811538696
-0.5454598069190979
-0.1336788535118103
-0.31345391273498535
-0.08308662474155426
-0.1308455467224121
-0.1426801234483719
0.09423541277647018
0.25399526953697205
-0.8791491389274597
-0.43825075030326843
-0.16793042421340942
-0.6006045937538147
-0.328171968460083
-0.11944379657506943
-1.4391241073608398
-0.7816818356513977
-0.4648479223251343
-0.1229085922241211
0.22256803512573242
0.6468596458435059
0.11056415736675262
0.017380651086568832
0.21310755610466003
-0.6064009666442871
0.014582943171262741
-0.03556464612483978
-0.011419645510613918
0.136712446808815
0.648428201675415
0.20824283361434937
0.24351362884044647
-0.06783795356750488
-0.20813415944576263
0.10360908508300781
-0.08511912822723389
-0.34852108359336853
0.12621894478797913
-0.38245970010757446
-0.7303429841995239
0.47186267375946045
0.10656336694955826
-0.4030219316482544
0.13024947047233582
0.1272791177034378
0.15562894940376282
0.09024881571531296
-0.4424702525138855
-0.6029037237167358
-0.47556272149086
-0.6708014011383057
-0.49179133772850037
-0.2663628160953522
0.18447595834732056
-0.2656758725643158
-0.018711920827627182
0.12304197251796722
-0.1782892346382141
0.47250574827194214
0.4079667627811432
0.5108511447906494
-0.7290653586387634
0.27045828104019165
-0.04664859548211098
-0.4036967158317566
0.08279760181903839
-0.010205821134150028
0.33112823963165283
0.0683075338602066
-0.5025206804275513
-0.01689494028687477
0.24529805779457092
-0.5617990493774414
-0.7018909454345703
0.17636340856552124
0.14802539348602295
-0.2124491035938263
-0.19916671514511108
0.2685588300228119
-0.2557746469974518
-0.16339313983917236
-0.4004391133785248
-0.5457911491394043
0.2883329391479492
0.10422129929065704
0.6356927752494812
0.10152735561132431
1.0036112070083618
0.8836723566055298
0.9757674932479858
0.25831082463264465
0.9122493267059326
0.8108812570571899
0.8209577798843384
0.7798246145248413
1.2391672134399414
1.055335521697998
0.7612055540084839
0.870599091053009
0.9776675701141357
0.09108655154705048
1.0751934051513672
1.0828455686569214
1.0313067436218262
0.7597275376319885
0.9218666553497314
0.5592144131660461
0.16976234316825867
0.6938017010688782
1.1480896472930908
0.9759057760238647
1.0334506034851074
0.5686069130897522
0.23129239678382874
0.23110297322273254
0.8939144015312195
0.19127541780471802
0.40192699432373047
0.8335129022598267
0.5391569137573242
0.9569172859191895
0.7540575861930847
1.1927642822265625
0.873186469078064
1.0153909921646118
0.7410048842430115
0.9422011375427246
0.9860399961471558
0.529456377029419
0.9409468173980713
0.3315638601779938
0.5617743730545044
0.5342936515808105
-0.31167736649513245
-0.8734472990036011
-0.04031132161617279
-0.26353901624679565
-1.517199993133545
0.06987464427947998
-0.7756426334381104
0.07042932510375977
-0.58137047290802
-0.9403247833251953
-0.4216576814651489
0.33770743012428284
-0.26964521408081055
-0.038040969520807266
-0.25280454754829407
-0.8035169839859009
0.12210097163915634
0.014743547886610031
-0.578368604183197
-0.4915606379508972
-0.3362063765525818
0.333846777677536
0.3411182165145874
0.041925009340047836
-0.2874053120613098
0.4662741422653198
0.3491710126399994
-0.041956961154937744
0.34548211097717285
-0.34420034289360046
0.03775224834680557
-0.03683028742671013
0.4949887692928314
0.39394792914390564
0.4856862425804138
0.20187219977378845
0.4766206741333008
0.103194959461689
0.021137522533535957
-0.031555186957120895
-0.8488870859146118
0.7780112624168396
-0.44919437170028687
-0.7421360611915588
0.1398971527814865
-0.00030956673435866833
0.3783522844314575
0.21335753798484802
0.4673909544944763
0.3324059545993805
0.3827723264694214
0.25808635354042053
-0.4258977472782135
0.24926140904426575
0.2490374743938446
0.447478711605072
0.10437197983264923
0.08726775646209717
0.4264845848083496
0.36877429485321045
0.0759994387626648
-0.7662330865859985
-0.34563910961151123
0.5022785067558289
0.2656310498714447
0.26287204027175903
0.5961025953292847
0.17492006719112396
-0.027171067893505096
0.7921923398971558
0.25515830516815186
0.24760502576828003
-0.4487997889518738
-0.004005173221230507
0.3300298750400543
0.3988804221153259
0.1369965374469757
0.38000544905662537
-0.16095831990242004
0.3405997157096863
0.2141859233379364
0.6500282287597656
-0.025849539786577225
0.40284451842308044
-0.5751737356185913
0.5985727310180664
-0.3675236403942108
0.0037363951560109854
0.24984556436538696
0.08183165639638901
0.399732381105423
-0.008401157334446907
0.043939925730228424
0.6728330850601196
0.8644553422927856
0.7219863533973694
0.36639901995658875
0.38870203495025635
0.27392128109931946
0.3126891851425171
-0.1088196337223053
0.49438542127609253
0.5292901396751404
0.30913811922073364
-0.0039010895416140556
0.7637296915054321
0.7016184329986572
-0.31015121936798096
0.3192891478538513
0.47083860635757446
0.7686915397644043
0.161132350564003
0.7308629155158997
0.09867595136165619
0.4730440378189087
0.4112405776977539
0.3302898705005646
0.1956225335597992
0.7689043283462524
0.4964600205421448
0.7155534029006958
-0.2394198179244995
0.9221197366714478
0.18465647101402283
0.03714998811483383
0.47384071350097656
-0.10048839449882507
-0.5709051489830017
-0.09621132910251617
-0.3677169382572174
-0.5040809512138367
-0.26052504777908325
0.27946293354034424
-0.5019629001617432
-0.7843570709228516
0.3010673224925995
-0.011905373074114323
-0.32251372933387756
-1.2398322820663452
-0.2698395252227783
-0.12812170386314392
0.23521022498607635
0.4314690828323364
0.0869995728135109
0.6870371103286743
-0.17050090432167053
0.20329341292381287
0.08468453586101532
0.3894830346107483
0.26339444518089294
0.43496260046958923
-0.4444604218006134
0.12075648456811905
0.1352360099554062
0.09359216690063477
0.30129367113113403
0.4108835458755493
-0.5942305326461792
0.30407780408859253
0.19360697269439697
0.07795678079128265
0.15979604423046112
0.4158816933631897
0.05243240296840668
0.08518801629543304
0.18997853994369507
0.0025266280863434076
0.26720982789993286
0.029446523636579514
0.49680960178375244
-0.12141407281160355
0.37696588039398193
-0.20432007312774658
0.009248296730220318
0.10909884423017502
0.15767928957939148
0.2116849720478058
-0.19454799592494965
-0.8582272529602051
0.33888566493988037
0.18494340777397156
0.15349841117858887
0.22278687357902527
-0.03999471664428711
-0.970545768737793
0.04067050665616989
-0.5550903081893921
0.20361943542957306
0.12874242663383484
0.4539874196052551
0.19366008043289185
-0.11871285736560822
0.09479859471321106
0.3317807614803314
0.25555139780044556
0.324015736579895
-0.06599114090204239
0.02783595770597458
0.07407453656196594
0.2862391173839569
0.32159435749053955
0.04130940139293671
-0.17435458302497864
0.7235289812088013
-0.118673175573349
0.49084264039993286
0.2375105768442154
0.6430176496505737
-0.20644567906856537
0.426538348197937
0.42758673429489136
0.48268333077430725
0.12683822214603424
-0.6611535549163818
-0.2138644903898239
0.5985789895057678
0.010234952904284
0.12014981359243393
0.5644339323043823
-0.13656039535999298
-0.6400052905082703
-0.7695609331130981
0.27144670486450195
-0.20628151297569275
-0.19315257668495178
-0.3531017601490021
0.4608885645866394
-0.07130265235900879
-0.4268183708190918
0.16725856065750122
-0.07069245725870132
-0.4332874119281769
-0.16119173169136047
0.020000172778964043
-0.5063859820365906
-0.26949259638786316
0.4088081121444702
-0.008781926706433296
-0.10023639351129532
-0.14414197206497192
0.41003328561782837
0.1452661156654358
-0.08820809423923492
-0.29979217052459717
-0.5834604501724243
0.1871105432510376
0.32907140254974365
-0.0077218785881996155
0.43230676651000977
-0.11265681684017181
0.01943477801978588
-0.36057087779045105
0.015119330957531929
0.35623812675476074
-0.10439950972795486
0.42982321977615356
0.22425705194473267
-0.1614096313714981
-0.280695378780365
-0.343048632144928
-0.18877466022968292
0.23054921627044678
0.5806299448013306
0.23248939216136932
-0.03594310209155083
0.34944552183151245
0.12986037135124207
0.17034275829792023
-0.054424457252025604
0.26705417037010193
-0.03365755081176758
-0.2283112108707428
0.25438952445983887
0.05804271996021271
-0.10386564582586288
-0.04763755202293396
-0.06746440380811691
0.08859938383102417
0.052116021513938904
0.2544649541378021
0.591346025466919
0.19454646110534668
0.0018265701364725828
0.2626047432422638
-0.2633149325847626
0.638824462890625
0.058459825813770294
0.06854461878538132
0.5972453951835632
-0.0844416618347168
-0.09366240352392197
0.4427042603492737
0.3259090185165405
-0.5435746908187866
0.36701348423957825
0.01175699569284916
0.8100653886795044
0.04238034039735794
0.24641577899456024
0.6996635794639587
-0.02063358761370182
-0.1721363514661789
0.16186195611953735
0.5631189346313477
0.17647621035575867
0.17154595255851746
0.19818496704101562
-2.1740403175354004
-1.2628929615020752
0.12942983210086823
0.3251676559448242
0.05088585615158081
-1.9692273139953613
-0.47509318590164185
-0.4106311798095703
0.21644175052642822
-0.6828764081001282
-0.22347711026668549
-0.11011001467704773
-0.592485785484314
-0.6614575386047363
-0.4813230633735657
-0.21012341976165771
0.16733133792877197
-0.3653348684310913
0.09222765266895294
0.07986834645271301
0.3874204456806183
-0.47949713468551636
-0.22538883984088898
-0.5316153764724731
0.5127550363540649
-0.3870992064476013
-0.03415120020508766
0.09473370760679245
0.32981815934181213
0.10348518192768097
0.4720129668712616
-0.21331867575645447
0.08651503175497055
-0.7967014312744141
-0.2981465458869934
0.30811381340026855
0.45176249742507935
0.3301980495452881
-0.08755052089691162
0.12028750032186508
-0.48413532972335815
-0.16326920688152313
0.14849892258644104
0.39586079120635986
0.0038842714857310057
0.1913069486618042
0.3625597357749939
-0.034677281975746155
-0.21191778779029846
-0.8124239444732666
0.1890067756175995
0.2949237823486328
-0.17149028182029724
0.5622045993804932
-0.16671085357666016
-0.4020010828971863
0.20026816427707672
0.2686573565006256
-0.02570481039583683
-0.0743333250284195
0.2702789902687073
0.09790793806314468
0.2711385190486908
0.40052199363708496
0.6024615168571472
0.0653240978717804
0.27111339569091797
0.13257920742034912
0.48326098918914795
0.2663096785545349
0.2578127682209015
0.3379126191139221
0.4337525963783264
0.21922613680362701
0.18961001932621002
0.3477892279624939
0.5524572134017944
0.025470899417996407
0.3170761466026306
0.010684981010854244
0.1606152057647705
0.22703714668750763
-0.39782243967056274
0.1176411435008049
0.2950805425643921
0.10618375241756439
0.5618589520454407
0.3726072907447815
0.2273995280265808
0.6995548009872437
0.1910104751586914
0.09304822236299515
0.4443002939224243
0.3172525465488434
0.39037954807281494
0.29279524087905884
-0.39408060908317566
0.6304663419723511
0.36071571707725525
0.32765018939971924
0.41380858421325684
0.15837550163269043
-2.0242621898651123
-2.176758050918579
-2.498812675476074
-2.321199655532837
-1.7250345945358276
-1.3899883031845093
-1.5368151664733887
-2.2534074783325195
-1.2483209371566772
-2.34028697013855
-1.7162156105041504
-1.6495099067687988
-1.7180795669555664
-1.1772816181182861
-1.7619916200637817
-1.9161510467529297
-1.2839771509170532
-1.6160635948181152
-1.8459510803222656
-2.0790326595306396
-1.7452971935272217
-1.238625168800354
-1.8607555627822876
-0.9929985404014587
-0.9035648703575134
-1.2720088958740234
-1.5080976486206055
-1.344269037246704
-1.1444885730743408
-1.3082417249679565
-1.0539920330047607
-0.9803659319877625
-1.3881984949111938
-1.6352729797363281
-0.3152136504650116
-1.5040910243988037
-1.1442950963974
-1.212181806564331
-0.4790339469909668
-1.4526216983795166
-0.6837595701217651
-1.694642424583435
-1.9420223236083984
-1.3516978025436401
-0.7915043830871582
-1.491673231124878
-1.6147640943527222
-0.8020905256271362
-1.6812022924423218
-0.9325952529907227
-1.5615309476852417
-1.4614571332931519
-1.4476720094680786
-1.6233807802200317
-0.5117368698120117
-1.5752407312393188
-1.384963870048523
-0.12952499091625214
-1.371568202972412
-1.4068577289581299
-1.2658894062042236
-0.6700137257575989
-1.6375887393951416
-1.2374242544174194
-1.282299280166626
-1.0687782764434814
-1.3656816482543945
-1.8628311157226562
-0.6739766597747803
-1.2873730659484863
-0.4444737732410431
-1.5940158367156982
-1.5107736587524414
-1.7434794902801514
-1.1914122104644775
-1.107824683189392
-1.0881733894348145
-0.772121250629425
-1.9126940965652466
-1.6071135997772217
-1.4763460159301758
-0.687659502029419
-0.7852749824523926
-0.22777250409126282
-0.9887824654579163
-0.5376843214035034
-0.9376751184463501
-0.6650148034095764
-1.4525749683380127
-0.6242669820785522
-0.767275869846344
-0.6470988988876343
-0.7314398288726807
-1.0126922130584717
-1.4048527479171753
-1.171355128288269
-1.2505731582641602
-1.467106580734253
-1.5707976818084717
-0.5169180631637573
-0.650902271270752
-0.9702069759368896
-1.057159662246704
-1.5842734575271606
-1.3037991523742676
-0.7088525295257568
-1.2760319709777832
-1.0393716096878052
-1.5701487064361572
-1.61056649684906
-0.48084691166877747
-0.7371822595596313
-1.7968006134033203
-0.6179215908050537
-1.2374920845031738
-1.1313202381134033
-0.8877952098846436
-1.0119788646697998
-1.117252230644226
-1.527393102645874
-0.9378350973129272
-0.5080209374427795
-0.5053898096084595
-0.858244776725769
-0.9037655591964722
-1.4781886339187622
-1.535043478012085
-0.7308695316314697
-0.5586084127426147
-1.084648847579956
-0.3836628794670105
-0.960563063621521
-0.5844911336898804
-1.330809473991394
-1.084870457649231
-1.2177886962890625
-0.861491322517395
-0.7020148038864136
-0.5981154441833496
-0.7574517726898193
-0.715777575969696
-0.3829110562801361
-0.4569547176361084
-0.6048647165298462
-0.37821269035339355
-0.5019062161445618
-0.39980441331863403
0.027121784165501595
-0.6892039775848389
-0.846381425857544
-0.8262829184532166
-0.30640745162963867
-0.49165043234825134
-0.05653415620326996
-0.17332319915294647
-0.31772279739379883
-0.4585105776786804
-0.8513157367706299
-0.2591225802898407
-0.1990639865398407
-0.028734246268868446
-0.2671307921409607
-0.5470278263092041
-0.14345042407512665
-0.38049107789993286
-0.4310872256755829
0.09077246487140656
-0.1282656043767929
0.37859058380126953
0.2851043939590454
0.015987612307071686
0.02971235290169716
0.3028712272644043
-0.1167665421962738
-0.09965652227401733
0.2919025421142578
-0.3471751809120178
-0.04305469989776611
-0.20729029178619385
0.10515085607767105
-0.36126166582107544
0.17380838096141815
-0.20425361394882202
0.07509879767894745
-0.44999873638153076
-0.14831669628620148
-0.1368229240179062
-0.16733123362064362
-0.37638145685195923
-0.07466839998960495
-0.21198654174804688
0.021700119599699974
-0.11009959876537323
0.539141058921814
-0.10610552132129669
-0.28525668382644653
0.0840073823928833
-0.6209508180618286
-0.038482800126075745
0.18313908576965332
-0.30697667598724365
0.1289936751127243
0.0072462717071175575
-0.12817412614822388
-0.37685689330101013
-0.5258529782295227
-0.12119467556476593
-0.1372193992137909
-0.29772305488586426
-0.16151592135429382
-0.33638352155685425
-0.36962395906448364
0.002001014770939946
-0.46819067001342773
0.045010633766651154
0.256016343832016
0.33591699600219727
0.3423367142677307
-0.1084173172712326
-0.38519445061683655
-0.007606561295688152
-0.013235203921794891
0.21570271253585815
0.25084710121154785
-0.27293261885643005
-0.11815401166677475
0.11952774226665497
0.23201552033424377
-0.16192802786827087
0.30516481399536133
-0.09907445311546326
0.1819356381893158
-0.08291728049516678
-0.13737961649894714
-0.6530637145042419
0.21494194865226746
0.3959023356437683
-2.411241292953491
-1.842406988143921
-0.9879131317138672
-1.1183726787567139
-1.6245617866516113
-2.5857062339782715
-1.779637098312378
-1.1221046447753906
-1.4033983945846558
-2.517855405807495
-2.4154365062713623
-1.7654874324798584
-0.7703918814659119
-0.9710170030593872
0.12950919568538666
-0.6494781374931335
-0.7274528741836548
-1.7254670858383179
-0.43738120794296265
-0.11073370277881622
0.03409641981124878
-0.7246032953262329
0.2126862108707428
-0.14919477701187134
-0.4463212490081787
-1.0130364894866943
-0.6637636423110962
-0.9867037534713745
-0.42667776346206665
-0.4644573926925659
-0.3244556486606598
-0.3170429468154907
-0.17049874365329742
-0.627690315246582
-0.6344720125198364
-0.06775635480880737
-0.597972571849823
0.048848092555999756
-0.1509704440832138
-1.6077200174331665
-0.7985650300979614
0.12958618998527527
-0.4426562190055847
-0.4387841820716858
-0.5389281511306763
-0.22547611594200134
-0.32697612047195435
-0.6921609044075012
0.5288402438163757
-0.3660953938961029
-0.23315823078155518
-0.09584072232246399
-0.4874952435493469
-0.7299929261207581
-0.36953067779541016
0.7350022792816162
-0.051994651556015015
-0.4549451470375061
-0.1964540332555771
-0.17091193795204163
-0.02945326641201973
0.5363778471946716
-0.42811113595962524
0.08445568382740021
-0.4978713393211365
-0.2778165340423584
0.0810467004776001
-0.24751250445842743
0.08628015965223312
-0.7040282487869263
-1.4082727432250977
-0.44311749935150146
0.7216247320175171
-0.02419879660010338
-0.45314645767211914
0.27758872509002686
-0.012826789170503616
-0.010612301528453827
0.6385931968688965
0.31771165132522583
0.10250278562307358
0.4776012599468231
-0.10669417679309845
-0.08799969404935837
-0.2366987019777298
0.6876534223556519
-0.6099648475646973
0.08289755880832672
-0.13460680842399597
-0.1790747344493866
-0.9216541647911072
-0.5728094577789307
0.06528155505657196
-0.4016995429992676
0.12116418033838272
0.7865200042724609
0.34954148530960083
1.0340940952301025
0.303016722202301
0.08351880311965942
0.10301356017589569
-0.02996363490819931
0.3023971915245056
0.01093500480055809
-0.044191326946020126
-0.00709298811852932
0.35689982771873474
-0.061556171625852585
-0.34148120880126953
0.2956482768058777
0.5099733471870422
0.017600584775209427
0.23582905530929565
0.14479559659957886
-1.9177014827728271
-2.517245292663574
-2.4344537258148193
-1.847609043121338
-1.7141711711883545
-2.7741105556488037
-2.378476142883301
-2.024649143218994
-2.1217477321624756
-2.2767810821533203
-1.402632474899292
-1.5592643022537231
-2.11590313911438
-1.5446335077285767
-1.751511573791504
-1.589674949645996
-1.720846176147461
-1.497430443763733
-1.2105399370193481
-1.0671095848083496
-1.0849965810775757
-2.1589114665985107
-2.2145440578460693
-0.8576221466064453
-1.7365351915359497
-1.2909259796142578
-0.19946767389774323
-1.1689023971557617
-1.634374737739563
-2.2091164588928223
-1.377242088317871
-0.4957667589187622
-1.6803051233291626
-1.4476478099822998
-0.5434361696243286
-1.7420673370361328
-1.6175568103790283
-0.7411630749702454
-0.3068164885044098
-1.2541903257369995
-1.4825739860534668
-0.6715308427810669
-0.838367223739624
-0.6564962863922119
-1.4289395809173584
-0.6731942892074585
-1.3455153703689575
-2.121084690093994
0.3150234818458557
-0.8940421342849731
-1.2056634426116943
-2.042578935623169
-0.652428388595581
-1.0837082862854004
-1.8768094778060913
-0.14234484732151031
-0.43075305223464966
-0.22480013966560364
-0.9796754121780396
-1.0853888988494873
-0.1822374016046524
0.021664969623088837
-0.4177427589893341
-0.31416407227516174
-0.04740995913743973
0.3830729126930237
-0.6089159250259399
-0.37319302558898926
0.10036814212799072
0.1392868161201477
0.6422379016876221
-0.6237697601318359
0.3851306438446045
-0.03937223553657532
-0.6432156562805176
-0.5101328492164612
0.12225272506475449
-0.5037833452224731
-0.524840235710144
0.4266464114189148
-0.03735116869211197
-1.7661687135696411
0.3843337893486023
-1.2777258157730103
-0.2742009162902832
0.7299627065658569
0.4207703471183777
-0.29873019456863403
-0.7734824419021606
-0.6906659603118896
-0.8029252290725708
0.019908182322978973
-0.37178176641464233
0.5497667789459229
0.48894771933555603
-0.03529085963964462
0.013703756034374237
0.6239299774169922
0.34934425354003906
0.5307376384735107
-0.06946956366300583
0.06787022948265076
0.6408883333206177
0.23304712772369385
0.6308393478393555
0.09380269050598145
0.9155481457710266
0.11040445417165756
-0.313079297542572
0.7472183704376221
1.0090322494506836
0.4320545792579651
-0.043998412787914276
-0.4088490605354309
0.020242715254426003
0.09421806037425995
-0.0842941552400589
-0.13417527079582214
-0.2361956238746643
0.33748921751976013
0.31839433312416077
0.27174830436706543
-0.0081485565751791
-0.09099087119102478
0.5059875845909119
-0.2649584114551544
-0.4809836149215698
0.29916489124298096
-0.4483577609062195
0.5588417649269104
-0.26542115211486816
0.4773450493812561
-0.14582529664039612
0.027480755001306534
-0.27628690004348755
-0.30023011565208435
0.7659652233123779
0.11638695746660233
-0.1047389954328537
0.461858868598938
-0.38369476795196533
0.38096529245376587
0.14264583587646484
0.05972710996866226
0.17804072797298431
-0.1207013875246048
0.28150343894958496
-0.26564356684684753
0.03919016942381859
-0.19532079994678497
-0.1242518275976181
0.02384742721915245
0.07586711645126343
0.6262355446815491
0.08771424740552902
0.23243464529514313
-0.4126400947570801
0.27552685141563416
-0.004023132845759392
-0.047666847705841064
-0.2738269567489624
0.0027770514134317636
0.31310659646987915
-0.18622660636901855
0.17072764039039612
-0.19301122426986694
0.24503862857818604
0.20963042974472046
0.5640860199928284
-0.03219874948263168
0.05775956064462662
0.9641600251197815
0.07424220442771912
-0.057273462414741516
-0.2849116623401642
0.08855654299259186
0.3196241855621338
0.029187945649027824
0.44582146406173706
0.19488969445228577
0.060672447085380554
0.4025324583053589
-0.11077497154474258
0.1609152853488922
-0.2175285965204239
0.17267410457134247
0.5584709048271179
-0.18742156028747559
0.27042701840400696
-0.031000569462776184
-0.5506433844566345
0.5710290670394897
0.23330707848072052
0.41636496782302856
-0.4631039500236511
0.19679898023605347
0.3246537744998932
0.7612524032592773
-0.05077959597110748
0.26191839575767517
0.4817177653312683
0.637313723564148
0.7688636779785156
0.7151650190353394
0.9008480310440063
-0.16648200154304504
-0.1209920272231102
0.5570502281188965
0.1600385457277298
-0.03784981369972229
0.06551548838615417
0.7005730867385864
0.7302297949790955
0.30877119302749634
0.046086329966783524
0.022347887977957726
0.8238735198974609
0.10895003378391266
0.3972121775150299
0.09230223298072815
0.9133335947990417
0.49798429012298584
-0.026617635041475296
0.46906977891921997
0.20660367608070374
0.08745256066322327
0.9633076786994934
0.35600095987319946
0.7965805530548096
-0.2735344171524048
1.0804609060287476
-0.15363018214702606
-0.8873417377471924
-0.12828461825847626
-0.21198412775993347
-0.063432976603508
-0.05885881185531616
-0.3484700322151184
0.17658621072769165
0.5245010852813721
0.11671145260334015
-0.8293535709381104
-0.15147355198860168
-0.11924438178539276
-0.1562497317790985
1.010655164718628
-0.1676260530948639
0.5573046207427979
-0.25066083669662476
0.22110721468925476
0.19374209642410278
0.7843325138092041
-0.16678501665592194
0.3388412594795227
-0.1463649868965149
-0.13043400645256042
-0.1869926154613495
-0.1636192351579666
0.45991677045822144
-0.1656263917684555
0.08829893916845322
-0.19107121229171753
-0.4223047196865082
-0.3994279205799103
0.13200673460960388
0.024222681298851967
-0.5398707985877991
-0.564872682094574
-0.11342933028936386
-0.5111385583877563
-0.08629654347896576
0.684242844581604
-0.21503199636936188
-0.2644432485103607
0.013599678874015808
0.03427829220890999
-1.7004237174987793
-0.7457876801490784
-0.6763750910758972
-0.43383902311325073
0.15422409772872925
-0.4008866548538208
0.004756501875817776
-0.28980064392089844
0.46574103832244873
-1.4544973373413086
-0.7828371524810791
-0.601710319519043
-0.17240196466445923
-0.871738076210022
-0.0393197163939476
-2.254788637161255
-0.9831092357635498
-1.4619836807250977
-1.422000765800476
-1.0393955707550049
0.2822713255882263
0.03965209424495697
-0.9073776006698608
-0.4246551990509033
-0.0028816561680287123
0.2923371195793152
0.3744282126426697
0.35734814405441284
-0.2633025646209717
-0.006833278574049473
-0.1777384877204895
0.7791271805763245
-0.5902702808380127
-0.05132327973842621
-0.12386678904294968
-0.10470063984394073
0.9391762018203735
0.24780434370040894
0.9398809671401978
0.7137693762779236
-0.21640746295452118
-1.2829668521881104
0.7981509566307068
-1.0354654788970947
-1.1746082305908203
-0.4659416675567627
-0.7806103229522705
0.41535693407058716
0.04000821337103844
0.10143321007490158
-0.14544139802455902
0.6160836219787598
-0.07060839980840683
-0.01664119027554989
-0.4219543933868408
-0.3382372260093689
-0.5095900893211365
0.4735219180583954
-1.0495811700820923
-0.1512206494808197
-0.6555047035217285
-0.12818744778633118
0.2616415023803711
-0.35900408029556274
-0.6365953087806702
-0.25435033440589905
0.15585356950759888
-0.2509315013885498
-0.2858952283859253
-0.5612304210662842
-0.2311260998249054
0.855995237827301
-0.12137054651975632
-0.8536245226860046
0.6451313495635986
0.45456457138061523
-0.16594824194908142
0.3168626129627228
-0.9395418167114258
0.26526129245758057
-0.13943123817443848
-0.24972671270370483
-0.254655659198761
0.45186832547187805
-0.32383713126182556
0.24133378267288208
-0.4416654109954834
0.2845519781112671
0.2051912099123001
0.33745521306991577
-0.08889277279376984
-0.5963549613952637
1.0583150386810303
-0.045179858803749084
0.3651973605155945
-0.0774773359298706
0.536980390548706
-0.21537266671657562
0.3147139549255371
0.22678601741790771
0.14430662989616394
0.6540607213973999
0.47055530548095703
-0.7251040935516357
0.39909446239471436
-0.1549891233444214
0.3715824782848358
0.6916927099227905
0.7888095378875732
-0.004476403817534447
0.14589443802833557
0.3197086453437805
-0.8924020528793335
0.09142139554023743
0.32886818051338196
0.5628241300582886
0.37392657995224
0.22218185663223267
0.40449297428131104
0.32400965690612793
-0.25895020365715027
0.8377909660339355
-0.13248492777347565
0.33362048864364624
0.17321984469890594
-0.11530409008264542
-0.6944803595542908
-0.4461964964866638
-1.2146652936935425
-1.1650646924972534
-0.6759361028671265
-0.6352695226669312
-1.1573421955108643
-0.5067049264907837
0.7144577503204346
-0.12088499963283539
-0.12410750985145569
0.1538122296333313
0.20570221543312073
0.07545402646064758
-0.33567431569099426
0.42903608083724976
-0.03923451155424118
-0.1642892211675644
0.297283798456192
-0.20383545756340027
-1.6049330234527588
-1.0068035125732422
0.7222410440444946
0.21960052847862244
-0.6984204649925232
0.6752451062202454
0.4528553783893585
-0.29791170358657837
-1.0257904529571533
-0.4431345462799072
-0.3394570052623749
-0.6488823294639587
-0.25654783844947815
0.4869447350502014
0.31139281392097473
-0.4897010326385498
0.02297494001686573
-0.369265615940094
-0.6772823929786682
0.060143861919641495
0.27936670184135437
-0.2253032922744751
-0.15152108669281006
0.39704257249832153
-0.32762211561203003
-0.4931214451789856
0.07365654408931732
0.019845185801386833
0.7372674345970154
0.8052772283554077
0.43869271874427795
0.17969384789466858
-0.1357024759054184
0.4164186418056488
0.14478185772895813
0.37812161445617676
0.3228682279586792
-0.016514383256435394
0.8341848850250244
-0.1876460313796997
-1.0374805927276611
0.5332321524620056
0.5172607898712158
-0.19952602684497833
-0.260547399520874
0.7822615504264832
0.3384401798248291
0.4765005111694336
-0.34201544523239136
0.4142094850540161
0.28120577335357666
-0.44122523069381714
0.11821834743022919
0.5531688928604126
-0.15569494664669037
0.28054535388946533
0.4132884740829468
-0.26437175273895264
0.03407478705048561
0.4526650905609131
-0.3979872465133667
0.2939782738685608
-0.3749677538871765
-0.04898926615715027
0.7462837100028992
0.09162752330303192
0.21130120754241943
-0.03740360587835312
0.6449196934700012
-0.3895118236541748
0.24431438744068146
0.11642894148826599
0.2647077441215515
0.4096296727657318
0.25514647364616394
0.3542681038379669
-0.45749372243881226
0.12573552131652832
0.1332571655511856
0.39382001757621765
0.23972514271736145
0.4200192093849182
0.2859625816345215
-0.19352343678474426
0.014027118682861328
0.4307667911052704
-0.003300482640042901
0.011721508577466011
0.48121994733810425
0.33230286836624146
0.2792556881904602
-0.6449819207191467
0.16801497340202332
0.00873397383838892
0.5598078966140747
0.19543388485908508
-0.04615306854248047
0.24421289563179016
0.2009659856557846
0.6347464323043823
-0.004534008912742138
0.9572174549102783
0.12459491193294525
0.1623459756374359
-0.006024603731930256
-0.29088759422302246
-0.04127757251262665
0.5117918252944946
0.04070102795958519
0.30031344294548035
-0.13577809929847717
0.3922309875488281
0.22250589728355408
0.5107887983322144
-1.0409917831420898
0.46164289116859436
0.09637264907360077
0.4314114451408386
0.5303628444671631
0.8344171047210693
0.3350597620010376
0.030516210943460464
0.5505915880203247
0.06526093184947968
0.8320159912109375
1.0553325414657593
0.15807515382766724
0.0013013745192438364
0.8393465280532837
-0.26767224073410034
-0.12380697578191757
